date,Джирайя,Майто Гай,Uchiha Madara,Shisui,AloneInTheDark,Айзен,Rosich,sensey,YuRaN III,Yahiko,Сайдзо,Нет,Orochimaru,Мастер ИП,Rock Lee,Tayuya,РИДИК,Rokyro Rau,Хедин,-Tobi-,KillerNick,Kira,Вулкан,misha10x10x,DeYsTrave,Kirishima Touka,Petrovich192,Jugernaut,Neji Hyuga,Fludo,сноК,Социопат_мл,_Indra_,Леди ангел,Акасуна но Акира,Trigun,Ога Тацуми,Silf,Freir,Учиха Хидате,СОНЯ,Vizer fon Ghoul,Konan,Нагато Пейн,ArtiGarPotr,-Uchiha-Artem-,Kcapa,Гусь,герцогиня,Izaya Orihara,Firebug,CM Punk,треш,_ZeuS_,Канеки Учиха,Deathstroke,Mikadzuki,Andara,Торуне,L Lawliet,Pain,Joker,mazumuz,тихиЙ ужаС,Ledi,Сбежавший Учиха,Garadin,Социопат,Brave,zzStop,Курама Якумо,LoLka 80 lvl,Магистр,Изуки Мидория,Хичиго Широсаки,ШикамарУ,Mrak,Кимимаро,Тобирама Сенджу,Ogawa,Alukard,Mirajane,Пчёлка,Djons,~TITAN~,Scifsyyh,Последователь,~KiLLeR~,Г а а р а,_Призрак_,TheJoker,Хрустальный Лис,StanLee,Корвин,-Sally-,Supa,Grimmjow,Джираия,Уайт,Акасуна_но_Сасори
20200101,167631,120194,119731,99032,96419,96235,85756,76931,73862,73380,72521,70925,70007,69055,61921,57649,54275,53690,53431,47285,46193,43517,42063,41958,41800,41252,40493,40349,40230,39766,39494,39093,38686,35790,34739,33718,33361,32988,30317,29463,29010,28964,28942,28216,27937,27592,27284,26870,26233,26157,25983,25959,25438,25325,24646,24526,24008,23799,23529,23182,23109,23033,21706,21201,20970,20870,20756,20269,20197,19278,19093,19002,18607,18452,18016,17384,17023,16744,16726,16578,16473,15694,15526,15498,15411,15275,15236,15040,14942,14542,14181,14105,13886,13855,12842,12608,12535,12487,12349,12278
date,Джирайя,Майто Гай,Uchiha Madara,Shisui,AloneInTheDark,Айзен,Rosich,sensey,YuRaN III,Yahiko,Сайдзо,Нет,Orochimaru,Мастер ИП,Rock Lee,Tayuya,РИДИК,Rokyro Rau,Хедин,-Tobi-,KillerNick,Kira,misha10x10x,Вулкан,DeYsTrave,Kirishima Touka,Itachi Uchiha,Petrovich192,Neji Hyuga,сноК,Fludo,Социопат_мл,_Indra_,Леди ангел,Акасуна но Акира,Trigun,Ога Тацуми,Silf,Freir,Учиха Хидате,СОНЯ,Vizer fon Ghoul,Konan,Нагато Пейн,ArtiGarPotr,-Uchiha-Artem-,Kcapa,Гусь,герцогиня,Izaya Orihara,CM Punk,Firebug,треш,_ZeuS_,Канеки Учиха,Deathstroke,Mikadzuki,Торуне,Andara,L Lawliet,Младший Брат,Pain,mazumuz,тихиЙ ужаС,Ledi,Garadin,Сбежавший Учиха,Социопат,Brave,zzStop,Курама Якумо,LoLka 80 lvl,Большой Брат,Изуки Мидория,Хичиго Широсаки,ШикамарУ,Mrak,Тобирама Сенджу,Кимимаро,Ogawa,Alukard,Mirajane,Пчёлка,Djons,~TITAN~,Последователь,Scifsyyh,~KiLLeR~,Г а а р а,_Призрак_,TheJoker,Хрустальный Лис,StanLee,Корвин,-Sally-,Supa,Grimmjow,Джираия,Уайт,Акасуна_но_Сасори
20200102,167631,120345,119829,99210,96579,96267,85979,76973,73909,73750,72521,70976,70007,69530,61921,57649,54817,53827,53642,47335,46193,43613,42118,42063,41800,41252,40849,40650,40230,39953,39858,39168,38686,35864,34739,33718,33361,32988,30317,29520,29010,28975,28942,28216,27937,27592,27284,26870,26233,26157,26095,26025,25438,25325,24646,24526,24101,23854,23838,23182,23173,23116,21706,21201,20970,20921,20870,20269,20197,19278,19106,19002,18670,18452,18111,17384,17023,16759,16744,16578,16473,15694,15531,15501,15411,15306,15288,15047,14942,14542,14181,14105,14053,13855,12842,12608,12535,12487,12349,12278
date,Джирайя,Майто Гай,Uchiha Madara,Shisui,AloneInTheDark,Айзен,Rosich,sensey,YuRaN III,Yahiko,Сайдзо,Нет,Мастер ИП,Orochimaru,Rock Lee,Tayuya,РИДИК,Rokyro Rau,Хедин,-Tobi-,KillerNick,Kira,misha10x10x,Вулкан,DeYsTrave,Kirishima Touka,Itachi Uchiha,Petrovich192,сноК,Neji Hyuga,Fludo,Социопат_мл,_Indra_,Леди ангел,Акасуна но Акира,Trigun,Ога Тацуми,Silf,Freir,Учиха Хидате,СОНЯ,Vizer fon Ghoul,Konan,Нагато Пейн,ArtiGarPotr,-Uchiha-Artem-,Kcapa,Гусь,герцогиня,Izaya Orihara,CM Punk,Firebug,треш,_ZeuS_,Канеки Учиха,Deathstroke,Mikadzuki,Торуне,Andara,Младший Брат,L Lawliet,Pain,mazumuz,тихиЙ ужаС,Garadin,Ledi,Сбежавший Учиха,Социопат,Brave,zzStop,Курама Якумо,LoLka 80 lvl,Большой Брат,Изуки Мидория,Хичиго Широсаки,ШикамарУ,Mrak,Тобирама Сенджу,Кимимаро,Ogawa,Alukard,Mirajane,Пчёлка,Djons,~TITAN~,Последователь,Scifsyyh,~KiLLeR~,Г а а р а,_Призрак_,TheJoker,StanLee,Хрустальный Лис,Корвин,-Sally-,Supa,Grimmjow,Джираия,Уайт,Акасуна_но_Сасори
20200103,167830,120535,119925,99524,96809,96480,86206,77047,73962,73947,72729,71072,70057,70007,61921,57649,54865,54011,53826,47807,46193,43655,42167,42063,41800,41252,41063,40778,40343,40230,39921,39240,38686,35954,34739,33718,33361,32988,30317,29574,29010,28983,28942,28216,27937,27592,27284,26870,26233,26157,26138,26091,25438,25325,24646,24526,24171,24169,24011,23248,23182,23133,21706,21201,21001,20970,20870,20269,20197,19278,19119,19002,18727,18452,18310,17384,17023,16798,16744,16578,16473,15694,15531,15503,15411,15357,15309,15062,14942,14542,14181,14180,14105,13855,12842,12608,12535,12487,12349,12278
date,Джирайя,Майто Гай,Uchiha Madara,Shisui,AloneInTheDark,Айзен,Rosich,sensey,Yahiko,YuRaN III,Сайдзо,Нет,Мастер ИП,Orochimaru,Rock Lee,Tayuya,РИДИК,Rokyro Rau,Хедин,-Tobi-,KillerNick,Kira,misha10x10x,Вулкан,DeYsTrave,Kirishima Touka,Itachi Uchiha,Petrovich192,сноК,Neji Hyuga,Fludo,Социопат_мл,_Indra_,Леди ангел,Акасуна но Акира,Trigun,Ога Тацуми,Silf,Freir,Учиха Хидате,Vizer fon Ghoul,СОНЯ,Konan,Нагато Пейн,ArtiGarPotr,-Uchiha-Artem-,Kcapa,Гусь,Firebug,герцогиня,CM Punk,Izaya Orihara,треш,_ZeuS_,Канеки Учиха,Deathstroke,Торуне,Mikadzuki,Andara,Младший Брат,Pain,L Lawliet,mazumuz,тихиЙ ужаС,Garadin,Ledi,Сбежавший Учиха,Социопат,Brave,zzStop,Курама Якумо,LoLka 80 lvl,Большой Брат,Изуки Мидория,Хичиго Широсаки,ШикамарУ,Mrak,Тобирама Сенджу,Кимимаро,Ogawa,Alukard,Mirajane,Пчёлка,Djons,Последователь,~TITAN~,Scifsyyh,~KiLLeR~,Г а а р а,_Призрак_,TheJoker,StanLee,Хрустальный Лис,Корвин,-Sally-,Supa,Grimmjow,Джираия,Уайт,Акасуна_но_Сасори
20200104,168146,120734,120268,99838,97145,96660,86334,77112,74348,74023,72789,71160,70423,70007,61921,57649,54867,54198,54080,48023,46193,43658,42214,42063,41800,41252,41172,40778,40343,40230,40013,39330,38686,36127,34739,33718,33361,32988,30317,29736,29091,29010,28942,28420,27937,27592,27284,26870,26269,26233,26178,26157,25438,25325,24646,24526,24212,24209,24157,23275,23224,23182,21706,21201,21079,20970,20870,20269,20197,19278,19133,19002,18817,18452,18355,17384,17023,16809,16744,16578,16473,15694,15531,15514,15460,15411,15330,15062,14942,14542,14181,14180,14105,13855,12842,12608,12535,12487,12349,12278
date,Джирайя,Майто Гай,Uchiha Madara,Shisui,AloneInTheDark,Айзен,Rosich,sensey,Yahiko,YuRaN III,Сайдзо,Нет,Мастер ИП,Orochimaru,Rock Lee,Tayuya,РИДИК,Rokyro Rau,Хедин,-Tobi-,KillerNick,Kira,misha10x10x,Вулкан,DeYsTrave,Kirishima Touka,Itachi Uchiha,Акабане Карма,сноК,Neji Hyuga,Fludo,Социопат_мл,_Indra_,Леди ангел,Акасуна но Акира,Trigun,Ога Тацуми,Silf,Freir,Учиха Хидате,Vizer fon Ghoul,СОНЯ,Konan,Нагато Пейн,ArtiGarPotr,-Uchiha-Artem-,Kcapa,Гусь,Firebug,герцогиня,CM Punk,Izaya Orihara,треш,_ZeuS_,Канеки Учиха,Deathstroke,Andara,Mikadzuki,Торуне,Младший Брат,Pain,L Lawliet,mazumuz,тихиЙ ужаС,Garadin,Ledi,Сбежавший Учиха,Социопат,Brave,zzStop,Курама Якумо,LoLka 80 lvl,Большой Брат,Хичиго Широсаки,Изуки Мидория,ШикамарУ,Mrak,Тобирама Сенджу,Кимимаро,Ogawa,Alukard,Mirajane,Пчёлка,Djons,Последователь,~TITAN~,Scifsyyh,~KiLLeR~,Г а а р а,_Призрак_,TheJoker,StanLee,Хрустальный Лис,Корвин,-Sally-,Supa,Grimmjow,Джираия,Уайт,Акасуна_но_Сасори
20200105,168369,120751,120603,99932,97238,96742,86464,77177,74489,74093,72836,71299,70468,70007,61921,57649,54868,54303,54173,48080,46193,43812,42264,42063,41800,41252,41186,40858,40343,40230,40092,39420,38686,36337,34739,33718,33361,32988,30317,29823,29128,29010,28942,28604,27937,27592,27284,26870,26555,26233,26201,26157,25438,25325,24646,24526,24503,24350,24259,23275,23254,23182,21706,21201,21149,20970,20870,20269,20197,19278,19138,19002,18893,18527,18452,17384,17023,16814,16744,16578,16473,15694,15531,15522,15512,15411,15347,15062,14942,14542,14181,14180,14105,13855,12842,12608,12535,12487,12349,12278
date,Джирайя,Майто Гай,Uchiha Madara,Shisui,AloneInTheDark,Айзен,Rosich,sensey,Юморист,YuRaN III,Сайдзо,Нет,Мастер ИП,Orochimaru,Rock Lee,Tayuya,РИДИК,Rokyro Rau,Хедин,-Tobi-,KillerNick,Kira,misha10x10x,Вулкан,DeYsTrave,Kirishima Touka,Sakata Gintoki,Акабане Карма,сноК,Neji Hyuga,Fludo,Социопат_мл,_Indra_,Леди ангел,Акасуна но Акира,Trigun,Ога Тацуми,Silf,Freir,Учиха Хидате,Vizer fon Ghoul,СОНЯ,Konan,Нагато Пейн,ArtiGarPotr,-Uchiha-Artem-,Kcapa,Гусь,Firebug,герцогиня,CM Punk,Izaya Orihara,треш,_ZeuS_,Andara,Канеки Учиха,Deathstroke,Mikadzuki,Торуне,Pain,Младший Брат,L Lawliet,mazumuz,Garadin,тихиЙ ужаС,Ledi,Сбежавший Учиха,Социопат,Brave,zzStop,Курама Якумо,LoLka 80 lvl,Большой Брат,Хичиго Широсаки,Изуки Мидория,ШикамарУ,Mrak,Тобирама Сенджу,Кимимаро,Ogawa,Alukard,Mirajane,Последователь,Djons,Пчёлка,~TITAN~,Scifsyyh,~KiLLeR~,Г а а р а,_Призрак_,TheJoker,StanLee,Хрустальный Лис,Корвин,-Sally-,Supa,Grimmjow,Джираия,Уайт,TipS
20200106,168755,120826,120653,99932,97284,96758,86648,77261,74597,74147,72836,71660,70528,70007,61921,57649,54868,54430,54201,48119,46193,43881,42309,42063,41800,41252,41242,40951,40343,40230,40186,39473,38686,36434,34739,33718,33361,32988,30317,29878,29173,29010,28942,28825,27937,27592,27284,26870,26600,26233,26201,26157,25438,25325,24773,24646,24526,24374,24311,23292,23275,23182,21706,21208,21201,20970,20870,20269,20197,19278,19138,19002,18924,18556,18452,17384,17023,16861,16744,16578,16473,15694,15551,15550,15531,15411,15367,15062,14942,14580,14181,14180,14105,13855,12842,12608,12535,12487,12349,12299
date,Джирайя,Майто Гай,Uchiha Madara,Shisui,AloneInTheDark,Айзен,Rosich,sensey,Юморист,YuRaN III,Сайдзо,Нет,Мастер ИП,Orochimaru,Rock Lee,Tayuya,РИДИК,Rokyro Rau,Хедин,-Tobi-,KillerNick,Kira,misha10x10x,Вулкан,DeYsTrave,Sakata Gintoki,Kirishima Touka,Акабане Карма,сноК,Fludo,Neji Hyuga,Социопат_мл,_Indra_,Леди ангел,Акасуна но Акира,Trigun,Ога Тацуми,Silf,Freir,Учиха Хидате,Vizer fon Ghoul,СОНЯ,Нагато Пейн,Konan,ArtiGarPotr,-Uchiha-Artem-,Гаара,Гусь,Firebug,герцогиня,CM Punk,Izaya Orihara,треш,_ZeuS_,Andara,Канеки Учиха,Deathstroke,Mikadzuki,Торуне,Pain,Младший Брат,L Lawliet,mazumuz,Garadin,тихиЙ ужаС,Ledi,Сбежавший Учиха,Социопат,Brave,zzStop,Курама Якумо,LoLka 80 lvl,Большой Брат,Хичиго Широсаки,Изуки Мидория,ШикамарУ,Mrak,Тобирама Сенджу,Кимимаро,Ogawa,Alukard,Mirajane,Последователь,Djons,Пчёлка,~TITAN~,Scifsyyh,~KiLLeR~,Г а а р а,_Призрак_,TheJoker,StanLee,Хрустальный Лис,Корвин,-Sally-,Supa,Grimmjow,Джираия,Уайт,TipS
20200107,168810,120880,120703,100026,97327,96905,86776,77341,74691,74242,72943,72072,70601,70007,61921,57649,54897,54476,54289,48183,46193,43956,42355,42063,41800,41311,41252,41065,40343,40255,40230,39473,38686,36523,34739,33718,33361,32988,30317,29949,29200,29010,29009,28942,27937,27592,27284,26870,26753,26233,26199,26157,25438,25325,24873,24646,24526,24411,24367,23292,23275,23182,21707,21248,21201,20970,20870,20269,20197,19278,19138,19002,18987,18855,18452,17384,17023,16878,16744,16578,16473,15694,15617,15569,15531,15411,15373,15062,14942,14609,14181,14180,14105,13855,12842,12608,12535,12487,12349,12329
date,Джирайя,Майто Гай,Uchiha Madara,Shisui,AloneInTheDark,Айзен,Rosich,sensey,Юморист,YuRaN III,Сайдзо,Нет,Мастер ИП,Orochimaru,Rock Lee,Tayuya,РИДИК,Rokyro Rau,Хедин,-Tobi-,KillerNick,Kira,misha10x10x,Вулкан,DeYsTrave,Sakata Gintoki,Акабане Карма,Kirishima Touka,сноК,Fludo,Neji Hyuga,Социопат_мл,_Indra_,Леди ангел,Акасуна но Акира,Trigun,Ога Тацуми,Silf,Freir,Учиха Хидате,Vizer fon Ghoul,Нагато Пейн,СОНЯ,Konan,ArtiGarPotr,-Uchiha-Artem-,Гаара,Гусь,Firebug,герцогиня,CM Punk,Izaya Orihara,треш,_ZeuS_,Andara,Канеки Учиха,Deathstroke,Mikadzuki,Торуне,Pain,Младший Брат,L Lawliet,mazumuz,Garadin,тихиЙ ужаС,Ledi,Сбежавший Учиха,Социопат,Brave,zzStop,Курама Якумо,Большой Брат,LoLka 80 lvl,Хичиго Широсаки,Изуки Мидория,ШикамарУ,Mrak,Тобирама Сенджу,Кимимаро,Ogawa,Alukard,Последователь,Mirajane,Djons,Пчёлка,~TITAN~,Scifsyyh,~KiLLeR~,Г а а р а,_Призрак_,TheJoker,StanLee,Хрустальный Лис,Корвин,-Sally-,Supa,Grimmjow,Джираия,Уайт,TipS
20200108,168863,120929,120788,100075,97362,97284,86812,77427,74736,74330,72953,72307,70649,70007,61921,57649,54926,54523,54328,48248,46193,44044,42402,42063,41800,41350,41268,41252,40343,40276,40230,39473,38686,36619,34739,33718,33361,32988,30317,30019,29234,29054,29010,28942,27937,27592,27285,26870,26798,26233,26199,26157,25438,25325,24964,24646,24526,24460,24422,23292,23275,23182,21707,21280,21201,20970,20870,20269,20197,19278,19138,19029,19002,18996,18452,17384,17023,16897,16744,16578,16473,15726,15694,15574,15531,15411,15373,15062,14942,14638,14181,14180,14105,13855,12842,12608,12535,12487,12349,12330
date,Джирайя,Майто Гай,Uchiha Madara,Shisui,Айзен,AloneInTheDark,Rosich,sensey,Юморист,YuRaN III,Сайдзо,Нет,Мастер ИП,Orochimaru,Rock Lee,Tayuya,РИДИК,Rokyro Rau,Хедин,-Tobi-,KillerNick,Kira,misha10x10x,Вулкан,DeYsTrave,Акабане Карма,Sakata Gintoki,Kirishima Touka,сноК,Fludo,Neji Hyuga,Социопат_мл,_Indra_,Леди ангел,Акасуна но Акира,Trigun,Ога Тацуми,Silf,Freir,Учиха Хидате,Vizer fon Ghoul,Нагато Пейн,СОНЯ,Konan,ArtiGarPotr,-Uchiha-Artem-,Гаара,Гусь,Firebug,герцогиня,CM Punk,Izaya Orihara,треш,_ZeuS_,Andara,Канеки Учиха,Deathstroke,Mikadzuki,Торуне,Pain,Младший Брат,L Lawliet,mazumuz,Garadin,тихиЙ ужаС,Ledi,Сбежавший Учиха,Социопат,Brave,zzStop,Курама Якумо,Хичиго Широсаки,Большой Брат,LoLka 80 lvl,Изуки Мидория,ШикамарУ,Mrak,Тобирама Сенджу,Кимимаро,Ogawa,Alukard,Последователь,Mirajane,Djons,Пчёлка,~TITAN~,Scifsyyh,~KiLLeR~,Г а а р а,_Призрак_,TheJoker,StanLee,Хрустальный Лис,Корвин,-Sally-,Supa,Grimmjow,Джираия,Уайт,TipS
20200109,168916,121158,120876,100124,97761,97424,86891,77503,74788,74384,72991,72531,70774,70007,61921,57649,54926,54569,54385,48308,46193,44348,42415,42063,41800,41691,41366,41252,40343,40338,40230,39473,38686,36758,34739,33718,33361,32988,30317,30064,29293,29101,29010,28942,27937,27592,27334,26870,26858,26233,26211,26157,25438,25325,25032,24646,24526,24514,24472,23316,23275,23182,21708,21353,21201,20970,20870,20269,20197,19278,19138,19128,19078,19002,18452,17384,17023,16907,16744,16578,16473,15780,15694,15582,15531,15411,15375,15062,14942,14641,14181,14180,14105,13855,12842,12608,12535,12487,12349,12342
date,Джирайя,Майто Гай,Uchiha Madara,Shisui,Айзен,AloneInTheDark,Rosich,sensey,Юморист,YuRaN III,Сайдзо,Нет,Мастер ИП,Orochimaru,Rock Lee,Tayuya,РИДИК,Rokyro Rau,Хедин,-Tobi-,KillerNick,Kira,misha10x10x,Акабане Карма,Вулкан,DeYsTrave,Sakata Gintoki,Kirishima Touka,Fludo,сноК,Neji Hyuga,Социопат_мл,_Indra_,Леди ангел,Акасуна но Акира,Trigun,Ога Тацуми,Silf,Freir,Учиха Хидате,Vizer fon Ghoul,Нагато Пейн,СОНЯ,Konan,ArtiGarPotr,-Uchiha-Artem-,Гаара,Firebug,Гусь,герцогиня,CM Punk,Izaya Orihara,треш,_ZeuS_,Andara,Канеки Учиха,Mikadzuki,Deathstroke,Торуне,Pain,Младший Брат,L Lawliet,mazumuz,Garadin,тихиЙ ужаС,Ledi,Сбежавший Учиха,Социопат,Brave,zzStop,Хичиго Широсаки,Курама Якумо,Большой Брат,LoLka 80 lvl,Изуки Мидория,ШикамарУ,Mrak,Тобирама Сенджу,Кимимаро,Ogawa,Alukard,Последователь,Mirajane,Djons,Пчёлка,~TITAN~,Scifsyyh,~KiLLeR~,Г а а р а,_Призрак_,TheJoker,StanLee,Хрустальный Лис,Корвин,-Sally-,Supa,Grimmjow,Джираия,TipS,Уайт
20200110,168970,121397,120963,100174,97886,97471,86953,77599,74869,74433,72991,72609,70884,70007,61921,57649,54951,54576,54464,48346,46193,45408,42488,42296,42065,41800,41366,41252,40391,40345,40230,39473,38686,36838,34739,33718,33361,32988,30317,30105,29373,29144,29010,28942,27937,27592,27398,27070,26870,26233,26211,26157,25438,25325,25097,24646,24571,24526,24525,23364,23275,23182,21708,21398,21201,20970,20870,20269,20197,19278,19188,19170,19122,19002,18452,17490,17023,16945,16744,16578,16473,15789,15694,15602,15531,15411,15375,15062,14942,14641,14181,14180,14105,13855,12842,12608,12535,12487,12350,12349
date,Джирайя,Майто Гай,Uchiha Madara,Shisui,Айзен,AloneInTheDark,Rosich,sensey,Юморист,YuRaN III,Сайдзо,Нет,Мастер ИП,Orochimaru,Rock Lee,Tayuya,РИДИК,Rokyro Rau,Хедин,-Tobi-,KillerNick,Kira,Акабане Карма,misha10x10x,Вулкан,DeYsTrave,Sakata Gintoki,Kirishima Touka,Fludo,сноК,Neji Hyuga,Социопат_мл,_Indra_,Леди ангел,Акасуна но Акира,Trigun,Ога Тацуми,Silf,Freir,Учиха Хидате,Vizer fon Ghoul,Нагато Пейн,СОНЯ,Konan,ArtiGarPotr,-Uchiha-Artem-,Гаара,Firebug,Гусь,герцогиня,CM Punk,Izaya Orihara,треш,_ZeuS_,Andara,Канеки Учиха,Mikadzuki,Торуне,Deathstroke,Pain,Младший Брат,L Lawliet,mazumuz,Garadin,тихиЙ ужаС,Ledi,Сбежавший Учиха,Социопат,Brave,zzStop,Хичиго Широсаки,Курама Якумо,Большой Брат,LoLka 80 lvl,Изуки Мидория,ШикамарУ,Тобирама Сенджу,Mrak,Кимимаро,Ogawa,Alukard,Последователь,Mirajane,Djons,Пчёлка,~TITAN~,Scifsyyh,~KiLLeR~,Г а а р а,_Призрак_,TheJoker,StanLee,Хрустальный Лис,Корвин,-Sally-,Supa,Grimmjow,Джираия,TipS,Уайт
20200111,169028,121491,121048,100223,97983,97517,87027,77856,74917,74469,73133,72712,70937,70007,61921,57649,54989,54661,54516,48389,46193,45496,42736,42532,42119,41800,41367,41252,40456,40345,40230,39473,38745,36873,34739,33718,33361,32988,30317,30166,29478,29192,29010,28942,27937,27592,27435,27165,26870,26233,26211,26157,25438,25325,25156,24646,24618,24566,24526,23440,23275,23182,21708,21427,21201,20970,20870,20269,20197,19278,19241,19216,19149,19002,18452,17764,17050,17023,16744,16578,16473,15802,15694,15630,15531,15411,15375,15062,14942,14641,14181,14180,14105,13855,12842,12608,12535,12487,12351,12349
date,Джирайя,Майто Гай,Uchiha Madara,Shisui,Айзен,AloneInTheDark,Rosich,sensey,Юморист,YuRaN III,Сайдзо,Нет,Мастер ИП,Orochimaru,Rock Lee,Tayuya,РИДИК,Rokyro Rau,Хедин,-Tobi-,KillerNick,Kira,Акабане Карма,misha10x10x,Вулкан,DeYsTrave,Sakata Gintoki,Kirishima Touka,Fludo,сноК,Neji Hyuga,Социопат_мл,_Indra_,Леди ангел,Акасуна но Акира,Trigun,Ога Тацуми,Silf,Freir,Учиха Хидате,Vizer fon Ghoul,Нагато Пейн,СОНЯ,Konan,ArtiGarPotr,-Uchiha-Artem-,Гаара,Firebug,Гусь,герцогиня,CM Punk,Izaya Orihara,треш,_ZeuS_,Andara,Mikadzuki,Канеки Учиха,Торуне,Deathstroke,Pain,Младший Брат,L Lawliet,mazumuz,Garadin,тихиЙ ужаС,Ledi,Сбежавший Учиха,Социопат,Brave,zzStop,Курама Якумо,Хичиго Широсаки,Большой Брат,LoLka 80 lvl,Изуки Мидория,ШикамарУ,Тобирама Сенджу,Mrak,Кимимаро,Ogawa,Alukard,Последователь,Mirajane,Djons,Пчёлка,~TITAN~,Scifsyyh,~KiLLeR~,Г а а р а,_Призрак_,TheJoker,StanLee,Хрустальный Лис,Корвин,-Sally-,Supa,Grimmjow,Джираия,TipS,Уайт
20200112,169081,121539,121113,100272,98108,97559,87091,78029,74964,74524,73185,72810,70992,70007,61921,57649,54989,54708,54567,48427,46193,45550,42781,42583,42162,41800,41367,41252,40459,40345,40230,39473,38896,36937,34739,33718,33361,32988,30317,30190,29506,29233,29010,28942,27937,27592,27435,27211,26870,26233,26211,26157,25438,25325,25211,24662,24646,24615,24526,23440,23275,23182,21708,21479,21201,20970,20870,20269,20197,19278,19262,19241,19207,19002,18452,17781,17058,17023,16744,16578,16473,15819,15694,15638,15531,15411,15375,15062,14942,14641,14181,14180,14105,13855,12842,12608,12535,12487,12351,12349
date,Джирайя,Майто Гай,Uchiha Madara,Shisui,Айзен,AloneInTheDark,Rosich,sensey,Юморист,YuRaN III,Сайдзо,Нет,Мастер ИП,Orochimaru,Rock Lee,Tayuya,РИДИК,Rokyro Rau,Хедин,-Tobi-,KillerNick,Kira,Акабане Карма,misha10x10x,Вулкан,DeYsTrave,Sakata Gintoki,Kirishima Touka,Fludo,сноК,Neji Hyuga,Социопат_мл,_Indra_,Леди ангел,Акасуна но Акира,Trigun,Ога Тацуми,Silf,Freir,Учиха Хидате,Vizer fon Ghoul,Нагато Пейн,СОНЯ,Konan,ArtiGarPotr,-Uchiha-Artem-,Гаара,Firebug,Гусь,герцогиня,CM Punk,Izaya Orihara,треш,_ZeuS_,Andara,Mikadzuki,Канеки Учиха,Торуне,Deathstroke,Pain,Младший Брат,L Lawliet,mazumuz,Garadin,тихиЙ ужаС,Ledi,Сбежавший Учиха,Социопат,Brave,Курама Якумо,zzStop,Большой Брат,Хичиго Широсаки,LoLka 80 lvl,Изуки Мидория,ШикамарУ,Тобирама Сенджу,Mrak,Кимимаро,Ogawa,Alukard,Последователь,Mirajane,Djons,Пчёлка,~TITAN~,Scifsyyh,~KiLLeR~,Г а а р а,_Призрак_,TheJoker,StanLee,Хрустальный Лис,Корвин,-Sally-,Supa,Grimmjow,Джираия,TipS,Уайт
20200113,169135,121587,121212,100320,98291,97610,87123,78187,75005,74570,73230,72912,71025,70007,61921,57649,54989,54753,54619,48480,46193,45633,42835,42627,42213,41800,41367,41252,40459,40345,40230,39473,38942,36997,34739,33718,33361,32988,30317,30190,29558,29272,29010,28942,27937,27592,27435,27260,26870,26233,26211,26157,25438,25325,25308,24703,24646,24615,24526,23440,23275,23182,21708,21489,21201,20970,20870,20269,20197,19308,19278,19244,19241,19002,18452,17832,17058,17023,16744,16578,16473,15847,15694,15646,15531,15411,15375,15062,14942,14641,14181,14180,14105,13855,12842,12608,12535,12487,12351,12349
date,Джирайя,Майто Гай,Uchiha Madara,Shisui,Айзен,AloneInTheDark,Rosich,sensey,Юморист,YuRaN III,Сайдзо,Нет,Мастер ИП,Orochimaru,Rock Lee,Tayuya,РИДИК,Rokyro Rau,Хедин,-Tobi-,KillerNick,Kira,Акабане Карма,misha10x10x,Вулкан,DeYsTrave,Sakata Gintoki,Kirishima Touka,Fludo,сноК,Neji Hyuga,Социопат_мл,_Indra_,Леди ангел,Акасуна но Акира,Trigun,Ога Тацуми,Silf,Freir,Учиха Хидате,Vizer fon Ghoul,Нагато Пейн,СОНЯ,Konan,ArtiGarPotr,-Uchiha-Artem-,Гаара,Firebug,Гусь,CM Punk,герцогиня,Izaya Orihara,треш,Andara,_ZeuS_,Mikadzuki,Канеки Учиха,Торуне,Deathstroke,Pain,Младший Брат,L Lawliet,mazumuz,Garadin,тихиЙ ужаС,Ledi,Сбежавший Учиха,Социопат,Brave,Курама Якумо,Хичиго Широсаки,zzStop,Большой Брат,LoLka 80 lvl,Изуки Мидория,ШикамарУ,Тобирама Сенджу,Mrak,Кимимаро,Ogawa,Alukard,Последователь,Mirajane,Djons,Пчёлка,~TITAN~,Scifsyyh,~KiLLeR~,Г а а р а,_Призрак_,TheJoker,StanLee,Хрустальный Лис,Корвин,-Sally-,Supa,Grimmjow,Джираия,TipS,Уайт
20200114,169188,121648,121291,100348,98400,97659,87186,78328,75054,74587,73230,73142,71079,70007,61921,57649,55005,54798,54666,48531,46194,45713,42898,42678,42253,41800,41367,41252,40459,40346,40230,39473,38963,37054,34739,33718,33361,32988,30317,30190,29559,29311,29010,28942,27937,27592,27492,27301,26870,26284,26233,26157,25438,25388,25325,24724,24646,24615,24526,23440,23275,23182,21708,21492,21201,20970,20870,20269,20197,19354,19300,19278,19267,19002,18452,17870,17072,17023,16744,16578,16473,15864,15694,15658,15531,15411,15375,15062,14942,14640,14181,14180,14105,13855,12842,12608,12535,12487,12351,12349
date,Джирайя,Майто Гай,Uchiha Madara,Shisui,Айзен,AloneInTheDark,Rosich,sensey,Юморист,YuRaN III,Сайдзо,Нет,Мастер ИП,Orochimaru,Rock Lee,Tayuya,РИДИК,Rokyro Rau,Хедин,-Tobi-,KillerNick,Kira,Акабане Карма,misha10x10x,Вулкан,DeYsTrave,Sakata Gintoki,Kirishima Touka,Fludo,сноК,Neji Hyuga,Социопат_мл,_Indra_,Леди ангел,Акасуна но Акира,Trigun,Ога Тацуми,Silf,Freir,Учиха Хидате,Vizer fon Ghoul,Нагато Пейн,СОНЯ,Konan,ArtiGarPotr,-Uchiha-Artem-,Гаара,Firebug,Гусь,CM Punk,герцогиня,Izaya Orihara,Andara,треш,_ZeuS_,Mikadzuki,Канеки Учиха,Торуне,Deathstroke,Pain,Младший Брат,L Lawliet,mazumuz,Garadin,тихиЙ ужаС,Ledi,Сбежавший Учиха,Социопат,Brave,Курама Якумо,Большой Брат,Хичиго Широсаки,zzStop,LoLka 80 lvl,Изуки Мидория,ШикамарУ,Тобирама Сенджу,Mrak,Кимимаро,Ogawa,Alukard,Последователь,Mirajane,Djons,Пчёлка,~TITAN~,Scifsyyh,~KiLLeR~,Г а а р а,_Призрак_,TheJoker,StanLee,Хрустальный Лис,Корвин,-Sally-,Supa,Grimmjow,Джираия,TipS,Уайт
20200115,169243,121691,121338,100418,98576,97702,87261,78462,75130,74659,73282,73220,71133,70007,61921,57649,55025,54844,54702,48572,46194,45787,42958,42723,42298,41800,41367,41252,40459,40346,40230,39473,38992,37090,34739,33718,33361,32988,30317,30190,29624,29371,29010,28942,27937,27592,27546,27352,26870,26320,26233,26157,25464,25438,25325,24724,24646,24637,24526,23440,23275,23182,21708,21520,21201,20970,20870,20269,20197,19398,19327,19307,19278,19002,18452,17903,17097,17023,16744,16578,16473,15872,15694,15670,15531,15411,15375,15062,14992,14640,14181,14180,14105,13855,12842,12608,12535,12487,12351,12349
date,Джирайя,Майто Гай,Uchiha Madara,Shisui,Айзен,AloneInTheDark,Rosich,sensey,Юморист,YuRaN III,Нет,Сайдзо,Мастер ИП,Orochimaru,Rock Lee,Tayuya,РИДИК,Rokyro Rau,Хедин,-Tobi-,KillerNick,Kira,Акабане Карма,misha10x10x,Вулкан,DeYsTrave,Sakata Gintoki,Kirishima Touka,Fludo,сноК,Neji Hyuga,Социопат_мл,_Indra_,Леди ангел,Акасуна но Акира,Trigun,Ога Тацуми,Silf,Freir,Учиха Хидате,Vizer fon Ghoul,Нагато Пейн,СОНЯ,Konan,ArtiGarPotr,Гаара,-Uchiha-Artem-,Firebug,Гусь,CM Punk,герцогиня,Izaya Orihara,Andara,треш,_ZeuS_,Mikadzuki,Торуне,Канеки Учиха,Deathstroke,Pain,Младший Брат,L Lawliet,mazumuz,Garadin,тихиЙ ужаС,Ledi,Сбежавший Учиха,Социопат,Brave,Курама Якумо,Большой Брат,Хичиго Широсаки,zzStop,LoLka 80 lvl,Изуки Мидория,ШикамарУ,Тобирама Сенджу,Mrak,Кимимаро,Ogawa,Alukard,Последователь,Djons,Mirajane,Пчёлка,~TITAN~,Scifsyyh,~KiLLeR~,Г а а р а,_Призрак_,TheJoker,StanLee,Хрустальный Лис,Корвин,-Sally-,Supa,Grimmjow,Джираия,TipS,Уайт
20200116,169299,121821,121486,100516,98708,97750,87312,78589,75138,74704,73305,73282,71203,70007,61921,57649,55043,54889,54752,48572,46194,45870,43039,42770,42314,41800,41367,41252,40460,40346,40230,39473,39024,37158,34739,33718,33361,32988,30317,30190,29682,29411,29010,28942,27937,27608,27592,27393,26870,26347,26233,26157,25542,25438,25325,24772,24660,24646,24526,23440,23275,23182,21708,21525,21201,20970,20870,20269,20197,19444,19375,19362,19278,19002,18452,17939,17097,17023,16744,16578,16473,15889,15698,15694,15531,15411,15375,15062,15040,14640,14181,14180,14105,13855,12842,12608,12535,12487,12351,12349
date,Джирайя,Майто Гай,Uchiha Madara,Shisui,Айзен,AloneInTheDark,Rosich,sensey,Юморист,YuRaN III,Нет,Сайдзо,Мастер ИП,Orochimaru,Rock Lee,Tayuya,РИДИК,Rokyro Rau,Хедин,-Tobi-,KillerNick,Kira,Акабане Карма,misha10x10x,Вулкан,DeYsTrave,Sakata Gintoki,Kirishima Touka,Fludo,сноК,Neji Hyuga,Социопат_мл,_Indra_,Леди ангел,Акасуна но Акира,Trigun,Ога Тацуми,Silf,Freir,Учиха Хидате,Vizer fon Ghoul,Нагато Пейн,СОНЯ,Konan,ArtiGarPotr,Гаара,-Uchiha-Artem-,Firebug,Гусь,CM Punk,герцогиня,Izaya Orihara,Andara,треш,_ZeuS_,Mikadzuki,Торуне,Канеки Учиха,Deathstroke,Pain,Младший Брат,L Lawliet,mazumuz,Garadin,тихиЙ ужаС,Ledi,Сбежавший Учиха,Социопат,Brave,Курама Якумо,Большой Брат,Хичиго Широсаки,zzStop,LoLka 80 lvl,Изуки Мидория,ШикамарУ,Тобирама Сенджу,Mrak,Кимимаро,Ogawa,Alukard,Последователь,Djons,Mirajane,Пчёлка,~TITAN~,Scifsyyh,Г а а р а,~KiLLeR~,_Призрак_,TheJoker,StanLee,Хрустальный Лис,Корвин,-Sally-,Supa,Grimmjow,Джираия,TipS,Уайт
20200117,169352,121914,121556,100565,98825,97800,87381,78694,75195,74750,73390,73282,71230,70007,61921,57649,55052,54936,54805,48572,46194,46110,43139,42820,42355,41800,41367,41252,40460,40346,40230,39473,39043,37185,34739,33718,33361,32988,30317,30190,29706,29460,29010,28942,27937,27664,27592,27447,26870,26403,26233,26157,25605,25438,25325,24813,24660,24646,24526,23440,23275,23182,21708,21525,21201,20970,20870,20269,20197,19490,19419,19413,19278,19002,18452,17983,17097,17023,16744,16578,16473,15906,15704,15694,15531,15411,15375,15084,15062,14640,14181,14180,14105,13855,12842,12608,12535,12487,12351,12349
date,Джирайя,Майто Гай,Uchiha Madara,Shisui,Айзен,AloneInTheDark,Rosich,sensey,Юморист,YuRaN III,Нет,Сайдзо,Мастер ИП,Orochimaru,Rock Lee,Tayuya,РИДИК,Rokyro Rau,Хедин,-Tobi-,KillerNick,Kira,Акабане Карма,misha10x10x,Вулкан,DeYsTrave,Sakata Gintoki,Kirishima Touka,Fludo,сноК,Neji Hyuga,Социопат_мл,_Indra_,Леди ангел,Акасуна но Акира,Trigun,Ога Тацуми,Silf,Freir,Учиха Хидате,Vizer fon Ghoul,Нагато Пейн,СОНЯ,Konan,ArtiGarPotr,Гаара,-Uchiha-Artem-,Firebug,Гусь,CM Punk,герцогиня,Izaya Orihara,Andara,треш,_ZeuS_,Mikadzuki,Торуне,Канеки Учиха,Deathstroke,Pain,Младший Брат,L Lawliet,mazumuz,Garadin,тихиЙ ужаС,Ledi,Сбежавший Учиха,Социопат,Brave,Курама Якумо,Большой Брат,Хичиго Широсаки,zzStop,LoLka 80 lvl,Изуки Мидория,ШикамарУ,Тобирама Сенджу,Mrak,Кимимаро,Ogawa,Alukard,Последователь,Djons,Mirajane,Пчёлка,~TITAN~,Scifsyyh,Г а а р а,~KiLLeR~,_Призрак_,TheJoker,StanLee,Хрустальный Лис,Корвин,-Sally-,Supa,Grimmjow,Джираия,TipS,Уайт
20200118,169405,122017,121670,100614,98935,97839,87431,78760,75264,74756,73480,73282,71267,70007,61921,57649,55061,54984,54840,48572,46194,46133,43228,42854,42395,41800,41367,41252,40460,40346,40230,39473,39072,37241,34739,33718,33361,32988,30317,30190,29765,29470,29010,28942,27937,27724,27592,27499,26870,26450,26233,26157,25668,25438,25325,24827,24668,24646,24526,23440,23275,23182,21708,21591,21201,20970,20870,20269,20197,19530,19460,19413,19278,19002,18452,18021,17134,17023,16744,16578,16473,15914,15728,15694,15531,15411,15375,15129,15062,14639,14181,14180,14105,13855,12842,12608,12535,12487,12351,12349
date,Джирайя,Майто Гай,Uchiha Madara,Shisui,Айзен,AloneInTheDark,Rosich,sensey,Юморист,YuRaN III,Нет,Сайдзо,Мастер ИП,Orochimaru,Rock Lee,Tayuya,РИДИК,Rokyro Rau,Хедин,-Tobi-,Kira,KillerNick,Акабане Карма,misha10x10x,Вулкан,DeYsTrave,Sakata Gintoki,Kirishima Touka,Fludo,сноК,Neji Hyuga,Социопат_мл,_Indra_,Леди ангел,Акасуна но Акира,Trigun,Ога Тацуми,Silf,Freir,Учиха Хидате,Vizer fon Ghoul,Нагато Пейн,СОНЯ,Konan,ArtiGarPotr,Гаара,-Uchiha-Artem-,Firebug,Гусь,CM Punk,герцогиня,Izaya Orihara,Andara,треш,_ZeuS_,Mikadzuki,Торуне,Канеки Учиха,Deathstroke,Pain,Младший Брат,L Lawliet,mazumuz,Garadin,тихиЙ ужаС,Ledi,Сбежавший Учиха,Социопат,Brave,Курама Якумо,Большой Брат,Хичиго Широсаки,zzStop,LoLka 80 lvl,Изуки Мидория,ШикамарУ,Тобирама Сенджу,Mrak,Кимимаро,Ogawa,Alukard,Последователь,Djons,Mirajane,Пчёлка,~TITAN~,Scifsyyh,Г а а р а,~KiLLeR~,_Призрак_,TheJoker,StanLee,Хрустальный Лис,Корвин,-Sally-,Supa,Grimmjow,Джираия,TipS,Уайт
20200119,169458,122067,121729,100660,99054,97884,87503,78920,75315,74820,73550,73333,71337,70007,61921,57649,55061,55029,54898,48572,46239,46194,43266,42902,42441,41800,41367,41252,40460,40346,40230,39473,39118,37293,34739,33718,33361,32988,30317,30190,29805,29470,29010,28942,27937,27724,27592,27546,26870,26493,26233,26157,25727,25438,25325,24875,24683,24646,24526,23440,23275,23182,21708,21591,21201,20970,20870,20269,20197,19576,19501,19413,19278,19002,18452,18016,17169,17023,16744,16578,16473,15914,15732,15694,15531,15411,15375,15157,15062,14639,14181,14180,14105,13855,12842,12608,12535,12487,12351,12349
date,Джирайя,Майто Гай,Uchiha Madara,Shisui,Айзен,AloneInTheDark,Rosich,sensey,Юморист,YuRaN III,Нет,Сайдзо,Мастер ИП,Orochimaru,Rock Lee,Tayuya,Rokyro Rau,РИДИК,Хедин,-Tobi-,Kira,KillerNick,Акабане Карма,misha10x10x,Вулкан,DeYsTrave,Sakata Gintoki,Kirishima Touka,Fludo,сноК,Neji Hyuga,Социопат_мл,_Indra_,Леди ангел,Акасуна но Акира,Trigun,Ога Тацуми,Silf,Freir,Учиха Хидате,Vizer fon Ghoul,Нагато Пейн,СОНЯ,Konan,ArtiGarPotr,Гаара,Firebug,-Uchiha-Artem-,Гусь,CM Punk,герцогиня,Izaya Orihara,Andara,треш,_ZeuS_,Mikadzuki,Торуне,Канеки Учиха,Deathstroke,Pain,Младший Брат,L Lawliet,mazumuz,Garadin,тихиЙ ужаС,Ledi,Сбежавший Учиха,Социопат,Brave,Курама Якумо,Большой Брат,Хичиго Широсаки,zzStop,LoLka 80 lvl,Изуки Мидория,ШикамарУ,Тобирама Сенджу,Mrak,Кимимаро,Ogawa,Alukard,Последователь,Djons,Mirajane,Пчёлка,~TITAN~,Scifsyyh,Г а а р а,~KiLLeR~,_Призрак_,TheJoker,StanLee,Хрустальный Лис,Корвин,-Sally-,Supa,Grimmjow,Джираия,TipS,Уайт
20200120,169514,122115,121780,100707,99154,97938,87550,79021,75376,74891,73666,73333,71403,70007,61921,57649,55071,55061,54949,48572,46304,46194,43323,42953,42470,41800,41367,41252,40460,40346,40230,39473,39119,37337,34739,33718,33361,32988,30317,30190,29810,29471,29010,28942,27937,27744,27634,27592,26870,26526,26233,26157,25796,25438,25325,24888,24683,24646,24526,23440,23275,23182,21708,21591,21201,20970,20870,20269,20197,19622,19553,19413,19278,19002,18452,18065,17169,17023,16744,16578,16473,15934,15743,15694,15531,15411,15375,15215,15062,14639,14181,14180,14105,13855,12842,12608,12535,12487,12351,12349
date,Джирайя,Майто Гай,Uchiha Madara,Shisui,Айзен,AloneInTheDark,Rosich,sensey,Юморист,YuRaN III,Нет,Сайдзо,Мастер ИП,Orochimaru,Rock Lee,Tayuya,Rokyro Rau,РИДИК,Хедин,-Tobi-,Kira,KillerNick,Акабане Карма,misha10x10x,Вулкан,DeYsTrave,Sakata Gintoki,Kirishima Touka,Fludo,сноК,Neji Hyuga,Социопат_мл,_Indra_,Леди ангел,Акасуна но Акира,Trigun,Ога Тацуми,Silf,Freir,Учиха Хидате,Vizer fon Ghoul,Нагато Пейн,СОНЯ,Konan,ArtiGarPotr,Гаара,Firebug,-Uchiha-Artem-,Гусь,CM Punk,герцогиня,Izaya Orihara,Andara,треш,_ZeuS_,Mikadzuki,Торуне,Канеки Учиха,Deathstroke,Pain,Младший Брат,L Lawliet,mazumuz,Garadin,тихиЙ ужаС,Ledi,Сбежавший Учиха,Социопат,Brave,Курама Якумо,Большой Брат,Хичиго Широсаки,zzStop,LoLka 80 lvl,Изуки Мидория,ШикамарУ,Тобирама Сенджу,Mrak,Кимимаро,Ogawa,Alukard,Последователь,Djons,Mirajane,Пчёлка,~TITAN~,Scifsyyh,Г а а р а,~KiLLeR~,_Призрак_,TheJoker,StanLee,Хрустальный Лис,Корвин,-Sally-,Supa,Grimmjow,Джираия,TipS,Уайт
20200121,169570,122205,121881,100755,99239,97980,87605,79093,75384,74933,73725,73333,71453,70007,61921,57649,55122,55070,55003,48572,46304,46194,43323,42976,42509,41800,41367,41252,40460,40346,40230,39473,39132,37385,34739,33718,33361,32988,30317,30190,29851,29495,29010,28942,27937,27852,27679,27592,26870,26526,26233,26157,25849,25438,25325,24950,24683,24646,24526,23440,23275,23182,21708,21608,21201,20970,20870,20269,20197,19650,19580,19413,19278,19002,18452,18097,17169,17023,16744,16578,16473,15953,15753,15694,15531,15411,15375,15260,15062,14639,14181,14180,14105,13855,12842,12608,12535,12487,12351,12349
date,Джирайя,Майто Гай,Uchiha Madara,Shisui,Айзен,AloneInTheDark,Rosich,sensey,Юморист,YuRaN III,Нет,Сайдзо,Мастер ИП,Orochimaru,Rock Lee,Tayuya,Rokyro Rau,РИДИК,Хедин,-Tobi-,Kira,KillerNick,Акабане Карма,misha10x10x,Вулкан,DeYsTrave,Sakata Gintoki,Kirishima Touka,Fludo,сноК,Neji Hyuga,Социопат_мл,_Indra_,Леди ангел,Акасуна но Акира,Trigun,Ога Тацуми,Silf,Freir,Учиха Хидате,Vizer fon Ghoul,Нагато Пейн,СОНЯ,Konan,ArtiGarPotr,Гаара,Firebug,-Uchiha-Artem-,Гусь,CM Punk,герцогиня,Izaya Orihara,Andara,треш,_ZeuS_,Mikadzuki,Торуне,Канеки Учиха,Deathstroke,Pain,Младший Брат,L Lawliet,mazumuz,Garadin,тихиЙ ужаС,Ledi,Сбежавший Учиха,Социопат,Brave,Курама Якумо,Большой Брат,Хичиго Широсаки,zzStop,LoLka 80 lvl,Изуки Мидория,ШикамарУ,Тобирама Сенджу,Mrak,Кимимаро,Ogawa,Alukard,Последователь,Djons,Mirajane,Пчёлка,~TITAN~,Scifsyyh,Г а а р а,~KiLLeR~,_Призрак_,TheJoker,StanLee,Хрустальный Лис,Корвин,-Sally-,Supa,Grimmjow,Джираия,TipS,Уайт
20200122,169623,122300,121943,100803,99286,98025,87660,79153,75473,74979,73823,73333,71509,70007,61921,57649,55168,55076,55029,48572,46304,46194,43323,43043,42509,41800,41367,41252,40460,40346,40230,39473,39132,37441,34739,33718,33361,32988,30317,30190,29904,29495,29010,28942,27937,27895,27719,27592,26870,26526,26233,26157,25962,25438,25325,24973,24683,24646,24526,23440,23275,23182,21708,21626,21201,20970,20870,20269,20197,19659,19620,19462,19278,19002,18452,18105,17212,17023,16744,16578,16473,15962,15767,15694,15531,15411,15375,15303,15062,14639,14181,14180,14105,13855,12842,12608,12535,12487,12351,12349
date,Джирайя,Майто Гай,Uchiha Madara,Shisui,Айзен,AloneInTheDark,Rosich,sensey,Юморист,YuRaN III,Нет,Сайдзо,Мастер ИП,Orochimaru,Rock Lee,Tayuya,Rokyro Rau,Хедин,РИДИК,-Tobi-,Kira,KillerNick,Акабане Карма,misha10x10x,Вулкан,DeYsTrave,Sakata Gintoki,Kirishima Touka,Fludo,сноК,Neji Hyuga,Социопат_мл,_Indra_,Леди ангел,Акасуна но Акира,Trigun,Ога Тацуми,Silf,Freir,Учиха Хидате,Vizer fon Ghoul,Нагато Пейн,СОНЯ,Konan,Гаара,ArtiGarPotr,Firebug,-Uchiha-Artem-,Гусь,CM Punk,герцогиня,Izaya Orihara,Andara,треш,_ZeuS_,Mikadzuki,Торуне,Канеки Учиха,Deathstroke,Pain,Младший Брат,L Lawliet,mazumuz,Garadin,тихиЙ ужаС,Ledi,Сбежавший Учиха,Социопат,Brave,Курама Якумо,Большой Брат,Хичиго Широсаки,zzStop,LoLka 80 lvl,Изуки Мидория,ШикамарУ,Тобирама Сенджу,Mrak,Кимимаро,Ogawa,Alukard,Последователь,Djons,Mirajane,Пчёлка,~TITAN~,Scifsyyh,Г а а р а,~KiLLeR~,_Призрак_,TheJoker,StanLee,Хрустальный Лис,Корвин,-Sally-,Supa,Grimmjow,Джираия,TipS,Уайт
20200123,169678,122399,122033,100852,99334,98073,87725,79249,75482,75021,73916,73390,71550,70007,61921,57649,55214,55088,55083,48614,46304,46194,43323,43085,42509,41800,41367,41252,40460,40346,40230,39473,39132,37490,34739,33718,33361,32988,30317,30190,29937,29495,29010,28942,27942,27937,27757,27592,26870,26526,26233,26157,25978,25438,25325,25021,24683,24646,24526,23440,23275,23182,21708,21665,21201,20970,20870,20269,20197,19737,19675,19466,19278,19007,18452,18152,17251,17023,16744,16578,16473,15976,15784,15694,15531,15411,15375,15346,15062,14639,14181,14180,14105,13855,12842,12608,12535,12487,12351,12349
date,Джирайя,Майто Гай,Uchiha Madara,Shisui,Айзен,AloneInTheDark,Rosich,sensey,Юморист,YuRaN III,Нет,Сайдзо,Мастер ИП,Orochimaru,Rock Lee,Tayuya,Rokyro Rau,Хедин,РИДИК,-Tobi-,Kira,KillerNick,Акабане Карма,misha10x10x,Вулкан,DeYsTrave,Sakata Gintoki,Kirishima Touka,Fludo,сноК,Neji Hyuga,Социопат_мл,_Indra_,Леди ангел,Акасуна но Акира,Trigun,Ога Тацуми,Silf,Freir,Учиха Хидате,Vizer fon Ghoul,Нагато Пейн,СОНЯ,Konan,Гаара,ArtiGarPotr,Firebug,-Uchiha-Artem-,Гусь,CM Punk,герцогиня,Izaya Orihara,Andara,треш,_ZeuS_,Mikadzuki,Торуне,Канеки Учиха,Deathstroke,Pain,Младший Брат,L Lawliet,mazumuz,Garadin,тихиЙ ужаС,Ledi,Сбежавший Учиха,Социопат,Brave,Курама Якумо,Большой Брат,Хичиго Широсаки,zzStop,LoLka 80 lvl,Изуки Мидория,ШикамарУ,Тобирама Сенджу,Mrak,Кимимаро,Ogawa,Alukard,Последователь,Djons,Mirajane,Пчёлка,~TITAN~,Г а а р а,Scifsyyh,~KiLLeR~,_Призрак_,TheJoker,StanLee,Хрустальный Лис,Корвин,-Sally-,Supa,Grimmjow,Джираия,Тендо Нагато,Флэш
20200124,169735,122455,122088,100900,99383,98122,87811,79332,75536,75083,73999,73411,71622,70007,61921,57649,55260,55152,55107,48636,46304,46194,43323,43133,42509,41800,41367,41252,40460,40346,40230,39473,39145,37546,34739,33718,33361,32988,30317,30190,29966,29495,29010,28942,27974,27937,27810,27592,26870,26526,26233,26157,25978,25438,25325,25070,24683,24646,24526,23440,23275,23182,21708,21681,21201,20970,20870,20269,20197,19894,19709,19484,19278,19007,18452,18191,17251,17023,16744,16578,16473,15986,15802,15694,15531,15411,15389,15375,15077,14639,14181,14180,14105,13855,12842,12608,12535,12487,12384,12363
date,Джирайя,Майто Гай,Uchiha Madara,Shisui,Айзен,AloneInTheDark,Rosich,sensey,Юморист,YuRaN III,Нет,Сайдзо,Мастер ИП,Orochimaru,Rock Lee,Tayuya,Rokyro Rau,Хедин,РИДИК,-Tobi-,Kira,KillerNick,Акабане Карма,misha10x10x,Вулкан,DeYsTrave,Sakata Gintoki,Kirishima Touka,Fludo,сноК,Neji Hyuga,Социопат_мл,_Indra_,Леди ангел,Акасуна но Акира,Trigun,Ога Тацуми,Silf,Freir,Учиха Хидате,Vizer fon Ghoul,Нагато Пейн,СОНЯ,Konan,Гаара,ArtiGarPotr,Firebug,-Uchiha-Artem-,Гусь,CM Punk,герцогиня,Izaya Orihara,Andara,треш,_ZeuS_,Mikadzuki,Торуне,Канеки Учиха,Deathstroke,Pain,Младший Брат,L Lawliet,Garadin,mazumuz,тихиЙ ужаС,Ledi,Сбежавший Учиха,Социопат,Brave,Курама Якумо,Большой Брат,Хичиго Широсаки,zzStop,LoLka 80 lvl,Изуки Мидория,ШикамарУ,Тобирама Сенджу,Mrak,Кимимаро,Ogawa,Alukard,Последователь,Djons,Mirajane,Пчёлка,Г а а р а,~TITAN~,Scifsyyh,~KiLLeR~,_Призрак_,TheJoker,StanLee,Хрустальный Лис,Корвин,-Sally-,Supa,Grimmjow,Джираия,Тендо Нагато,Флэш
20200125,169788,122526,122164,100948,99431,98145,87872,79408,75585,75129,74097,73461,71740,70007,61921,57649,55306,55174,55107,48637,46308,46194,43322,43184,42509,41800,41367,41252,40460,40348,40230,39473,39145,37591,34739,33718,33361,32988,30317,30236,30032,29495,29010,28942,28017,27937,27864,27592,26870,26526,26233,26157,25978,25438,25325,25116,24683,24646,24526,23440,23275,23182,21746,21708,21201,20970,20870,20269,20197,19995,19752,19517,19278,19007,18452,18252,17251,17023,16744,16578,16473,15996,15817,15694,15531,15432,15411,15375,15077,14639,14181,14180,14105,13855,12842,12608,12535,12487,12428,12382
date,Джирайя,Майто Гай,Uchiha Madara,Shisui,Айзен,AloneInTheDark,Rosich,sensey,Юморист,YuRaN III,Нет,Сайдзо,Мастер ИП,Orochimaru,Rock Lee,Tayuya,Rokyro Rau,Хедин,РИДИК,-Tobi-,Kira,KillerNick,Акабане Карма,misha10x10x,Вулкан,DeYsTrave,Sakata Gintoki,Kirishima Touka,Fludo,сноК,Neji Hyuga,Социопат_мл,_Indra_,Леди ангел,Акасуна но Акира,Trigun,Ога Тацуми,Silf,Freir,Учиха Хидате,Vizer fon Ghoul,Нагато Пейн,СОНЯ,Konan,Гаара,ArtiGarPotr,Firebug,-Uchiha-Artem-,Гусь,CM Punk,герцогиня,Izaya Orihara,Andara,треш,_ZeuS_,Mikadzuki,Торуне,Канеки Учиха,Deathstroke,Pain,Младший Брат,L Lawliet,Garadin,mazumuz,тихиЙ ужаС,Ledi,Сбежавший Учиха,Социопат,Brave,Курама Якумо,Большой Брат,Хичиго Широсаки,zzStop,LoLka 80 lvl,Изуки Мидория,ШикамарУ,Тобирама Сенджу,Mrak,Кимимаро,Ogawa,Alukard,Последователь,Djons,Mirajane,Пчёлка,Г а а р а,~TITAN~,Scifsyyh,~KiLLeR~,_Призрак_,TheJoker,StanLee,Хрустальный Лис,Корвин,-Sally-,Supa,Grimmjow,Джираия,Тендо Нагато,Флэш
20200126,169829,122576,122224,100997,99480,98158,87922,79483,75638,75157,74139,73461,71820,70007,61921,57649,55353,55174,55107,48713,46308,46194,43322,43230,42509,41800,41367,41252,40460,40348,40230,39473,39145,37632,34785,33718,33361,32988,30317,30276,30059,29496,29010,28942,28017,27937,27900,27592,26870,26526,26233,26157,26052,25438,25325,25156,24683,24646,24526,23440,23275,23182,21778,21708,21201,20970,20870,20269,20197,20041,19819,19564,19278,19007,18452,18259,17299,17023,16744,16578,16473,16021,15836,15694,15531,15478,15411,15375,15077,14639,14181,14180,14105,13855,12842,12608,12535,12487,12471,12418
date,Джирайя,Майто Гай,Uchiha Madara,Shisui,Айзен,AloneInTheDark,Rosich,sensey,Юморист,YuRaN III,Нет,Сайдзо,Мастер ИП,Orochimaru,Rock Lee,Tayuya,Rokyro Rau,Хедин,РИДИК,-Tobi-,Kira,KillerNick,Акабане Карма,misha10x10x,Вулкан,DeYsTrave,Sakata Gintoki,Kirishima Touka,Fludo,сноК,Neji Hyuga,Социопат_мл,_Indra_,Леди ангел,Акасуна но Акира,Trigun,Ога Тацуми,Silf,Учиха Хидате,Freir,Vizer fon Ghoul,Нагато Пейн,СОНЯ,Konan,Гаара,Firebug,ArtiGarPotr,-Uchiha-Artem-,Гусь,CM Punk,герцогиня,Izaya Orihara,Andara,треш,_ZeuS_,Mikadzuki,Торуне,Канеки Учиха,Deathstroke,Pain,Младший Брат,L Lawliet,Garadin,mazumuz,тихиЙ ужаС,Ledi,Сбежавший Учиха,Социопат,Brave,Курама Якумо,Большой Брат,Хичиго Широсаки,zzStop,LoLka 80 lvl,Изуки Мидория,ШикамарУ,Тобирама Сенджу,Mrak,Кимимаро,Ogawa,Alukard,Последователь,Djons,Mirajane,Пчёлка,Г а а р а,~TITAN~,Scifsyyh,~KiLLeR~,_Призрак_,TheJoker,StanLee,Хрустальный Лис,Корвин,-Sally-,Supa,Grimmjow,Тендо Нагато,Джираия,Флэш
20200127,169846,122625,122274,101045,99511,98225,87974,79533,75684,75219,74230,73461,71869,70007,61921,57649,55393,55216,55107,48745,46308,46195,43322,43230,42509,41800,41367,41252,40460,40348,40230,39473,39145,37646,34796,33718,33361,32988,30321,30317,30085,29496,29010,28942,28017,27941,27937,27592,26870,26526,26233,26157,26096,25438,25325,25156,24683,24646,24526,23440,23275,23182,21780,21708,21201,20970,20870,20269,20197,20083,19844,19594,19278,19007,18457,18259,17347,17023,16744,16578,16473,16034,15850,15694,15531,15506,15411,15375,15077,14639,14181,14180,14105,13855,12842,12608,12535,12498,12487,12453
date,Джирайя,Майто Гай,Uchiha Madara,Shisui,Айзен,AloneInTheDark,Rosich,sensey,Юморист,YuRaN III,Нет,Сайдзо,Мастер ИП,Orochimaru,Rock Lee,Tayuya,Rokyro Rau,Хедин,РИДИК,-Tobi-,Kira,KillerNick,Акабане Карма,misha10x10x,Вулкан,DeYsTrave,Sakata Gintoki,Kirishima Touka,Fludo,сноК,Neji Hyuga,Социопат_мл,_Indra_,Леди ангел,Акасуна но Акира,Trigun,Ога Тацуми,Silf,Учиха Хидате,Freir,Vizer fon Ghoul,Нагато Пейн,СОНЯ,Konan,Гаара,Firebug,ArtiGarPotr,-Uchiha-Artem-,Гусь,CM Punk,герцогиня,Izaya Orihara,Andara,треш,_ZeuS_,Mikadzuki,Торуне,Канеки Учиха,Deathstroke,Pain,Младший Брат,L Lawliet,Garadin,mazumuz,тихиЙ ужаС,Ledi,Сбежавший Учиха,Социопат,Курама Якумо,Brave,Большой Брат,Хичиго Широсаки,zzStop,LoLka 80 lvl,Изуки Мидория,ШикамарУ,Тобирама Сенджу,Mrak,Кимимаро,Ogawa,Alukard,Последователь,Djons,Mirajane,Г а а р а,Пчёлка,~TITAN~,Scifsyyh,~KiLLeR~,_Призрак_,TheJoker,StanLee,Хрустальный Лис,Корвин,-Sally-,Supa,Тендо Нагато,Grimmjow,Флэш,Джираия
20200128,169863,122684,122328,101093,99609,98294,88024,79604,75736,75259,74305,73461,71926,70007,61921,57649,55415,55280,55110,48797,46310,46195,43322,43230,42509,41800,41367,41252,40460,40349,40230,39473,39145,37715,34867,33718,33361,32988,30364,30317,30148,29496,29010,28942,28062,27987,27937,27592,26870,26526,26233,26157,26144,25438,25325,25177,24683,24646,24526,23440,23275,23182,21807,21708,21201,20970,20870,20269,20245,20197,19903,19602,19278,19007,18457,18307,17370,17023,16744,16578,16473,16040,15851,15694,15566,15531,15411,15375,15077,14639,14181,14180,14105,13855,12842,12608,12559,12535,12492,12487
date,Джирайя,Майто Гай,Uchiha Madara,Shisui,Айзен,AloneInTheDark,Rosich,sensey,Юморист,YuRaN III,Нет,Сайдзо,Мастер ИП,Orochimaru,Rock Lee,Tayuya,Rokyro Rau,Хедин,РИДИК,-Tobi-,Kira,KillerNick,Акабане Карма,misha10x10x,Вулкан,DeYsTrave,Sakata Gintoki,Kirishima Touka,Fludo,сноК,Neji Hyuga,Социопат_мл,_Indra_,Леди ангел,Акасуна но Акира,Trigun,Ога Тацуми,Silf,Учиха Хидате,Freir,Vizer fon Ghoul,Нагато Пейн,СОНЯ,Konan,Гаара,Firebug,ArtiGarPotr,-Uchiha-Artem-,Гусь,CM Punk,герцогиня,Andara,Izaya Orihara,треш,_ZeuS_,Mikadzuki,Торуне,Канеки Учиха,Deathstroke,Pain,Младший Брат,L Lawliet,Garadin,mazumuz,тихиЙ ужаС,Ledi,Сбежавший Учиха,Курама Якумо,Социопат,Brave,Большой Брат,Хичиго Широсаки,zzStop,LoLka 80 lvl,Изуки Мидория,ШикамарУ,Тобирама Сенджу,Mrak,Кимимаро,Ogawa,Alukard,Последователь,Djons,Mirajane,Г а а р а,Пчёлка,~TITAN~,Scifsyyh,~KiLLeR~,_Призрак_,TheJoker,StanLee,Хрустальный Лис,Корвин,-Sally-,Supa,Тендо Нагато,Grimmjow,Флэш,Джираия
20200129,169881,122738,122378,101141,99696,98335,88082,79658,75787,75313,74384,73461,71946,70007,61921,57649,55462,55296,55110,48860,46316,46195,43324,43238,42509,41800,41367,41252,40460,40351,40230,39473,39160,37757,34897,33718,33361,32988,30409,30317,30201,29496,29010,28942,28109,28038,27937,27592,26870,26526,26233,26193,26157,25438,25325,25201,24683,24646,24526,23440,23275,23182,21838,21708,21201,20970,20870,20305,20269,20197,19945,19631,19278,19007,18457,18363,17380,17023,16744,16578,16473,16058,15852,15694,15611,15531,15411,15375,15077,14639,14181,14180,14105,13855,12842,12608,12602,12535,12514,12487
date,Джирайя,Майто Гай,Uchiha Madara,Shisui,Айзен,AloneInTheDark,Rosich,sensey,Юморист,YuRaN III,Нет,Сайдзо,Мастер ИП,Orochimaru,Rock Lee,Tayuya,Rokyro Rau,Хедин,РИДИК,-Tobi-,Kira,KillerNick,Акабане Карма,misha10x10x,Вулкан,DeYsTrave,Sakata Gintoki,Kirishima Touka,Fludo,сноК,Neji Hyuga,Социопат_мл,_Indra_,Леди ангел,Акасуна но Акира,Trigun,Ога Тацуми,Silf,Учиха Хидате,Freir,Vizer fon Ghoul,Нагато Пейн,СОНЯ,Konan,Гаара,Firebug,ArtiGarPotr,-Uchiha-Artem-,Гусь,CM Punk,Andara,герцогиня,Izaya Orihara,треш,_ZeuS_,Mikadzuki,Торуне,Канеки Учиха,Deathstroke,Pain,Младший Брат,L Lawliet,Garadin,mazumuz,тихиЙ ужаС,Ledi,Сбежавший Учиха,Курама Якумо,Социопат,Brave,Большой Брат,Хичиго Широсаки,zzStop,LoLka 80 lvl,Изуки Мидория,ШикамарУ,Тобирама Сенджу,Mrak,Кимимаро,Ogawa,Alukard,Последователь,Djons,Mirajane,Г а а р а,Пчёлка,~TITAN~,Scifsyyh,~KiLLeR~,_Призрак_,TheJoker,StanLee,Хрустальный Лис,Корвин,-Sally-,Тендо Нагато,Supa,Grimmjow,Флэш,Джираия
20200130,169982,122811,122428,101190,99794,98368,88132,79755,75829,75360,74482,73461,72006,70007,61921,57649,55520,55342,55113,48876,46316,46195,43324,43288,42573,41800,41367,41252,40460,40351,40230,39473,39160,37803,34897,33718,33361,32988,30447,30317,30245,29496,29010,28942,28160,28083,27937,27592,26870,26526,26260,26233,26157,25438,25325,25224,24683,24646,24526,23440,23275,23182,21843,21708,21201,20970,20870,20351,20269,20197,19982,19659,19278,19007,18458,18427,17418,17023,16744,16578,16473,16076,15867,15694,15637,15531,15411,15375,15077,14639,14181,14180,14105,13855,12842,12628,12608,12535,12514,12487
date,Джирайя,Майто Гай,Uchiha Madara,Shisui,Айзен,AloneInTheDark,Rosich,sensey,Юморист,YuRaN III,Нет,Сайдзо,Мастер ИП,Orochimaru,Rock Lee,Tayuya,Rokyro Rau,Хедин,РИДИК,-Tobi-,Kira,KillerNick,Акабане Карма,misha10x10x,Вулкан,DeYsTrave,Sakata Gintoki,Kirishima Touka,Fludo,сноК,Neji Hyuga,Социопат_мл,_Indra_,Леди ангел,Акасуна но Акира,Trigun,Ога Тацуми,Silf,Учиха Хидате,Freir,Vizer fon Ghoul,Нагато Пейн,СОНЯ,Konan,Гаара,Firebug,ArtiGarPotr,-Uchiha-Artem-,Гусь,CM Punk,Andara,герцогиня,Izaya Orihara,треш,_ZeuS_,Mikadzuki,Торуне,Канеки Учиха,Deathstroke,Pain,Младший Брат,L Lawliet,Garadin,mazumuz,тихиЙ ужаС,Ledi,Сбежавший Учиха,Курама Якумо,Социопат,Brave,Большой Брат,Хичиго Широсаки,zzStop,LoLka 80 lvl,Изуки Мидория,ШикамарУ,Тобирама Сенджу,Mrak,Кимимаро,Ogawa,Alukard,Последователь,Djons,Г а а р а,Mirajane,Пчёлка,~TITAN~,Scifsyyh,~KiLLeR~,_Призрак_,TheJoker,StanLee,Хрустальный Лис,Корвин,-Sally-,Тендо Нагато,Supa,Grimmjow,Флэш,Джираия
20200131,170035,122895,122498,101238,99888,98435,88184,79859,75915,75377,74573,73461,72095,70007,61921,57649,55566,55342,55113,48941,46316,46195,43324,43288,42616,41800,41367,41252,40460,40351,40230,39473,39160,37843,34917,33718,33361,32988,30495,30317,30289,29496,29010,28942,28224,28125,27937,27592,26870,26526,26306,26233,26158,25438,25325,25273,24689,24646,24526,23440,23278,23182,21903,21708,21201,20970,20870,20397,20269,20197,20027,19685,19278,19007,18479,18456,17460,17023,16744,16578,16473,16090,15889,15698,15694,15531,15411,15375,15077,14639,14181,14180,14105,13855,12842,12691,12608,12535,12514,12487
date,Джирайя,Майто Гай,Uchiha Madara,Shisui,Айзен,AloneInTheDark,Rosich,sensey,Юморист,YuRaN III,Нет,Сайдзо,Мастер ИП,Orochimaru,Rock Lee,Tayuya,Rokyro Rau,Хедин,РИДИК,-Tobi-,Kira,KillerNick,Акабане Карма,misha10x10x,Вулкан,DeYsTrave,Sakata Gintoki,Kirishima Touka,Fludo,сноК,Neji Hyuga,Социопат_мл,_Indra_,Леди ангел,Акасуна но Акира,Trigun,Ога Тацуми,Silf,Учиха Хидате,Freir,Vizer fon Ghoul,Нагато Пейн,СОНЯ,Konan,Гаара,Firebug,ArtiGarPotr,-Uchiha-Artem-,Гусь,CM Punk,Andara,герцогиня,Izaya Orihara,треш,_ZeuS_,Mikadzuki,Торуне,Канеки Учиха,Deathstroke,Pain,Младший Брат,L Lawliet,Garadin,mazumuz,тихиЙ ужаС,Ledi,Сбежавший Учиха,Курама Якумо,Социопат,Brave,Большой Брат,Хичиго Широсаки,zzStop,LoLka 80 lvl,ШикамарУ,Изуки Мидория,Тобирама Сенджу,Mrak,Кимимаро,Ogawa,Alukard,Последователь,Djons,Г а а р а,Mirajane,Пчёлка,~TITAN~,Scifsyyh,~KiLLeR~,_Призрак_,TheJoker,StanLee,Хрустальный Лис,Корвин,-Sally-,Тендо Нагато,Supa,Grimmjow,Флэш,Джираия
20200201,170088,123060,122601,101287,99990,98473,88251,79982,75924,75436,74672,73461,72143,70007,61921,57649,55612,55342,55127,49003,46320,46195,43326,43290,42657,41800,41367,41252,40460,40353,40230,39473,39182,37890,34974,33718,33361,32988,30517,30317,30301,29496,29010,28942,28275,28179,27937,27592,26870,26526,26386,26233,26158,25438,25325,25310,24689,24646,24526,23440,23278,23182,21920,21708,21201,20970,20870,20440,20269,20197,20085,19692,19278,19007,18495,18483,17490,17023,16744,16578,16473,16100,15927,15740,15694,15531,15411,15375,15077,14639,14181,14180,14105,13855,12842,12735,12608,12535,12522,12487
date,Джирайя,Майто Гай,Uchiha Madara,Shisui,Айзен,AloneInTheDark,Rosich,sensey,Юморист,YuRaN III,Нет,Сайдзо,Мастер ИП,Orochimaru,Rock Lee,Tayuya,Rokyro Rau,Хедин,РИДИК,-Tobi-,Kira,KillerNick,Акабане Карма,misha10x10x,Вулкан,DeYsTrave,Sakata Gintoki,Kirishima Touka,Fludo,сноК,Neji Hyuga,Социопат_мл,_Indra_,Леди ангел,Акасуна но Акира,Trigun,Ога Тацуми,Silf,Учиха Хидате,Vizer fon Ghoul,Freir,Нагато Пейн,СОНЯ,Konan,Гаара,Firebug,ArtiGarPotr,-Uchiha-Artem-,Гусь,CM Punk,Andara,герцогиня,Izaya Orihara,треш,Mikadzuki,_ZeuS_,Торуне,Канеки Учиха,Deathstroke,Pain,Младший Брат,L Lawliet,Garadin,mazumuz,тихиЙ ужаС,Ledi,Сбежавший Учиха,Курама Якумо,Социопат,Brave,Большой Брат,Хичиго Широсаки,zzStop,LoLka 80 lvl,ШикамарУ,Изуки Мидория,Тобирама Сенджу,Mrak,Кимимаро,Ogawa,Alukard,Последователь,Djons,Г а а р а,Mirajane,Пчёлка,~TITAN~,Scifsyyh,~KiLLeR~,_Призрак_,TheJoker,StanLee,Хрустальный Лис,Корвин,-Sally-,Тендо Нагато,Supa,Флэш,Grimmjow,Джираия
20200202,170143,123110,122677,101335,100059,98526,88312,80024,75982,75497,74762,73512,72180,70007,61921,57649,55659,55404,55127,49042,46325,46195,43328,43290,42672,41800,41367,41252,40460,40354,40230,39473,39227,37932,35038,33718,33361,32988,30517,30369,30317,29496,29010,28942,28275,28221,27937,27592,26870,26526,26425,26233,26158,25438,25379,25325,24689,24646,24526,23440,23282,23182,21926,21708,21201,20970,20870,20452,20269,20197,20103,19723,19278,19007,18495,18489,17490,17023,16744,16578,16473,16139,15937,15782,15694,15531,15411,15375,15077,14639,14181,14180,14105,13855,12842,12779,12608,12543,12535,12487
date,Джирайя,Майто Гай,Uchiha Madara,Shisui,Айзен,AloneInTheDark,Rosich,sensey,Юморист,YuRaN III,Нет,Сайдзо,Мастер ИП,Orochimaru,Rock Lee,Tayuya,Rokyro Rau,Хедин,РИДИК,-Tobi-,Kira,KillerNick,Акабане Карма,misha10x10x,Вулкан,DeYsTrave,Sakata Gintoki,Kirishima Touka,Fludo,сноК,Neji Hyuga,Социопат_мл,_Indra_,Леди ангел,Акасуна но Акира,Trigun,Ога Тацуми,Silf,Учиха Хидате,Vizer fon Ghoul,Freir,Нагато Пейн,СОНЯ,Konan,Гаара,Firebug,ArtiGarPotr,-Uchiha-Artem-,Гусь,CM Punk,Andara,герцогиня,Izaya Orihara,треш,Mikadzuki,_ZeuS_,Торуне,Канеки Учиха,Deathstroke,Pain,Младший Брат,L Lawliet,Garadin,mazumuz,тихиЙ ужаС,Ledi,Сбежавший Учиха,Курама Якумо,Социопат,Brave,Большой Брат,Хичиго Широсаки,zzStop,LoLka 80 lvl,ШикамарУ,Изуки Мидория,Тобирама Сенджу,Mrak,Кимимаро,Ogawa,Alukard,Последователь,Djons,Г а а р а,Mirajane,Пчёлка,~TITAN~,Scifsyyh,~KiLLeR~,_Призрак_,TheJoker,StanLee,Хрустальный Лис,Корвин,-Sally-,Тендо Нагато,Supa,Флэш,Grimmjow,Джираия
20200203,170196,123161,122752,101381,100191,98572,88367,80235,76037,75542,74855,73512,72238,70007,61921,57649,55704,55404,55127,49060,46325,46195,43328,43290,42741,41800,41367,41252,40460,40354,40230,39473,39238,37972,35091,33718,33361,32988,30517,30379,30317,29497,29010,28942,28275,28266,27937,27592,26870,26526,26490,26233,26158,25438,25433,25325,24689,24646,24526,23440,23282,23182,21926,21708,21201,20970,20870,20466,20269,20197,20163,19767,19278,19007,18495,18489,17507,17023,16744,16578,16473,16153,15945,15819,15694,15531,15411,15375,15077,14639,14181,14180,14105,13855,12842,12817,12608,12576,12535,12487
date,Джирайя,Майто Гай,Uchiha Madara,Shisui,Айзен,AloneInTheDark,Rosich,sensey,Юморист,YuRaN III,Нет,Сайдзо,Мастер ИП,Orochimaru,Rock Lee,Tayuya,Rokyro Rau,Хедин,РИДИК,-Tobi-,Kira,KillerNick,Акабане Карма,misha10x10x,Вулкан,DeYsTrave,Sakata Gintoki,Kirishima Touka,Fludo,сноК,Neji Hyuga,Социопат_мл,_Indra_,Леди ангел,Акасуна но Акира,Trigun,Ога Тацуми,Silf,Учиха Хидате,Vizer fon Ghoul,Freir,Нагато Пейн,СОНЯ,Konan,Firebug,Гаара,ArtiGarPotr,-Uchiha-Artem-,Гусь,Andara,CM Punk,герцогиня,Izaya Orihara,Mikadzuki,треш,_ZeuS_,Торуне,Канеки Учиха,Deathstroke,Pain,Младший Брат,L Lawliet,Garadin,mazumuz,тихиЙ ужаС,Ledi,Сбежавший Учиха,Курама Якумо,Социопат,Большой Брат,Brave,Хичиго Широсаки,zzStop,LoLka 80 lvl,Изуки Мидория,ШикамарУ,Тобирама Сенджу,Mrak,Кимимаро,Ogawa,Alukard,Последователь,Djons,Г а а р а,Mirajane,Пчёлка,~TITAN~,Scifsyyh,~KiLLeR~,_Призрак_,TheJoker,StanLee,Хрустальный Лис,Корвин,Тендо Нагато,-Sally-,Флэш,Supa,Grimmjow,Джираия
20200204,170247,123226,122840,101430,100253,98596,88446,80324,76079,75587,74952,73512,72280,70007,61921,57649,55750,55404,55134,49113,46336,46195,43331,43290,42782,41800,41367,41252,40460,40356,40230,39473,39238,38019,35117,33718,33361,32988,30517,30402,30317,29497,29010,28942,28315,28275,27937,27592,26870,26557,26526,26233,26158,25479,25438,25325,24689,24646,24526,23440,23282,23182,21947,21708,21201,20970,20870,20479,20269,20208,20197,19794,19278,19007,18500,18495,17521,17023,16744,16578,16473,16158,15954,15856,15694,15531,15411,15375,15077,14639,14181,14180,14105,13855,12852,12842,12611,12608,12535,12487
date,Джирайя,Майто Гай,Uchiha Madara,Shisui,Айзен,AloneInTheDark,Rosich,sensey,Юморист,YuRaN III,Нет,Сайдзо,Мастер ИП,Orochimaru,Rock Lee,Tayuya,Rokyro Rau,Хедин,РИДИК,-Tobi-,Kira,KillerNick,Акабане Карма,misha10x10x,Вулкан,DeYsTrave,Sakata Gintoki,Kirishima Touka,Fludo,сноК,Neji Hyuga,Социопат_мл,_Indra_,Леди ангел,Акасуна но Акира,Trigun,Ога Тацуми,Silf,Учиха Хидате,Vizer fon Ghoul,Freir,Нагато Пейн,СОНЯ,Konan,Firebug,Гаара,ArtiGarPotr,-Uchiha-Artem-,Гусь,Andara,CM Punk,герцогиня,Izaya Orihara,Mikadzuki,треш,_ZeuS_,Торуне,Канеки Учиха,Deathstroke,Pain,Младший Брат,L Lawliet,Garadin,mazumuz,тихиЙ ужаС,Ledi,Сбежавший Учиха,Курама Якумо,Социопат,Большой Брат,Brave,Хичиго Широсаки,zzStop,LoLka 80 lvl,ШикамарУ,Изуки Мидория,Тобирама Сенджу,Mrak,Кимимаро,Ogawa,Alukard,Последователь,Djons,Г а а р а,Mirajane,Пчёлка,~TITAN~,Scifsyyh,~KiLLeR~,_Призрак_,TheJoker,StanLee,Хрустальный Лис,Корвин,Тендо Нагато,-Sally-,Флэш,Supa,Grimmjow,Джираия
20200205,170265,123300,122887,101478,100340,98664,88515,80401,76160,75632,75051,73512,72341,70007,61921,57649,55780,55458,55142,49171,46336,46195,43331,43290,42824,41800,41367,41252,40460,40356,40230,39473,39253,38056,35152,33718,33361,32988,30517,30465,30317,29497,29010,28942,28370,28275,27937,27592,26870,26655,26526,26233,26158,25528,25438,25325,24689,24646,24526,23440,23282,23182,22011,21708,21201,20970,20870,20490,20269,20256,20197,19823,19278,19007,18548,18515,17521,17023,16744,16578,16473,16162,15978,15897,15694,15531,15411,15375,15077,14639,14181,14180,14105,13855,12898,12842,12630,12608,12535,12487
date,Джирайя,Майто Гай,Uchiha Madara,Shisui,Айзен,AloneInTheDark,Rosich,sensey,Юморист,YuRaN III,Нет,Сайдзо,Мастер ИП,Orochimaru,Rock Lee,Tayuya,Rokyro Rau,Хедин,РИДИК,-Tobi-,Kira,KillerNick,Акабане Карма,misha10x10x,Вулкан,DeYsTrave,Sakata Gintoki,Kirishima Touka,Fludo,Конс,Neji Hyuga,Социопат_мл,_Indra_,Леди ангел,Акасуна но Акира,Trigun,Ога Тацуми,Silf,Учиха Хидате,Vizer fon Ghoul,Freir,Нагато Пейн,СОНЯ,Konan,Firebug,Гаара,ArtiGarPotr,-Uchiha-Artem-,Гусь,Andara,CM Punk,герцогиня,Izaya Orihara,Mikadzuki,треш,_ZeuS_,Торуне,Канеки Учиха,Deathstroke,Pain,Младший Брат,L Lawliet,Garadin,mazumuz,тихиЙ ужаС,Ledi,Сбежавший Учиха,Курама Якумо,Большой Брат,Социопат,Brave,Хичиго Широсаки,zzStop,LoLka 80 lvl,ШикамарУ,Изуки Мидория,Тобирама Сенджу,Mrak,Кимимаро,Ogawa,Alukard,Последователь,Djons,Г а а р а,Mirajane,Пчёлка,~TITAN~,Scifsyyh,~KiLLeR~,_Призрак_,TheJoker,StanLee,Хрустальный Лис,Корвин,Тендо Нагато,-Sally-,Флэш,Supa,Grimmjow,Джираия
20200206,170283,123349,122947,101526,100402,98703,88560,80450,76178,75677,75094,73512,72377,70007,61921,57649,55838,55469,55142,49172,46336,46195,43331,43291,42861,41800,41367,41252,40460,40356,40230,39473,39278,38056,35224,33718,33361,32988,30517,30492,30317,29497,29010,28942,28418,28275,27937,27592,26870,26716,26526,26233,26158,25528,25438,25325,24689,24646,24526,23440,23282,23182,22041,21708,21201,20970,20870,20506,20307,20269,20197,19836,19278,19007,18581,18515,17521,17023,16744,16578,16473,16165,15987,15947,15694,15531,15411,15375,15077,14639,14181,14180,14105,13855,12949,12842,12649,12608,12535,12487
date,Джирайя,Майто Гай,Uchiha Madara,Shisui,Айзен,AloneInTheDark,Rosich,sensey,Юморист,YuRaN III,Нет,Сайдзо,Мастер ИП,Orochimaru,Rock Lee,Tayuya,Rokyro Rau,Хедин,РИДИК,-Tobi-,Kira,KillerNick,Акабане Карма,misha10x10x,Вулкан,DeYsTrave,Sakata Gintoki,Kirishima Touka,Fludo,Конс,Neji Hyuga,Социопат_мл,_Indra_,Леди ангел,Акасуна но Акира,Trigun,Ога Тацуми,Silf,Учиха Хидате,Vizer fon Ghoul,Freir,Нагато Пейн,СОНЯ,Konan,Firebug,Гаара,ArtiGarPotr,-Uchiha-Artem-,Гусь,Andara,CM Punk,герцогиня,Izaya Orihara,Mikadzuki,треш,_ZeuS_,Торуне,Канеки Учиха,Deathstroke,Pain,Младший Брат,L Lawliet,Garadin,mazumuz,тихиЙ ужаС,Ledi,Сбежавший Учиха,Курама Якумо,Большой Брат,Социопат,Brave,Хичиго Широсаки,zzStop,LoLka 80 lvl,ШикамарУ,Изуки Мидория,Тобирама Сенджу,Mrak,Кимимаро,Ogawa,Alukard,Последователь,Djons,Г а а р а,Mirajane,Пчёлка,~TITAN~,Scifsyyh,~KiLLeR~,_Призрак_,TheJoker,StanLee,Хрустальный Лис,Корвин,Тендо Нагато,-Sally-,Флэш,Supa,Grimmjow,Джираия
20200207,170377,123397,122984,101575,100464,98756,88615,80496,76222,75723,75141,73512,72377,70007,61921,57649,55882,55469,55142,49173,46336,46195,43331,43291,42868,41800,41367,41252,40460,40356,40230,39473,39278,38056,35233,33718,33361,32988,30518,30514,30317,29497,29010,28942,28458,28275,27937,27592,26870,26760,26526,26233,26158,25574,25438,25325,24689,24646,24526,23440,23282,23182,22089,21708,21201,20970,20870,20518,20351,20269,20197,19836,19278,19007,18581,18515,17522,17023,16744,16578,16473,16165,16000,15992,15694,15531,15411,15375,15077,14639,14181,14180,14105,13855,12997,12842,12687,12608,12535,12487
date,Джирайя,Майто Гай,Uchiha Madara,Shisui,Айзен,AloneInTheDark,Rosich,sensey,Юморист,YuRaN III,Нет,Сайдзо,Мастер ИП,Orochimaru,Rock Lee,Tayuya,Rokyro Rau,Хедин,РИДИК,-Tobi-,Kira,KillerNick,Акабане Карма,misha10x10x,Вулкан,DeYsTrave,Sakata Gintoki,Kirishima Touka,Fludo,Конс,Neji Hyuga,Социопат_мл,_Indra_,Леди ангел,Акасуна но Акира,Trigun,Ога Тацуми,Silf,Vizer fon Ghoul,Учиха Хидате,Freir,Нагато Пейн,СОНЯ,Konan,Firebug,Гаара,ArtiGarPotr,-Uchiha-Artem-,Гусь,Andara,CM Punk,герцогиня,Izaya Orihara,Mikadzuki,треш,_ZeuS_,Торуне,Канеки Учиха,Deathstroke,Pain,Младший Брат,L Lawliet,Garadin,mazumuz,тихиЙ ужаС,Ledi,Сбежавший Учиха,Курама Якумо,Большой Брат,Социопат,Brave,Хичиго Широсаки,zzStop,LoLka 80 lvl,ШикамарУ,Изуки Мидория,Тобирама Сенджу,Mrak,Кимимаро,Ogawa,Alukard,Последователь,Djons,Г а а р а,Mirajane,Пчёлка,~TITAN~,Scifsyyh,~KiLLeR~,_Призрак_,TheJoker,StanLee,Хрустальный Лис,Корвин,Тендо Нагато,-Sally-,Флэш,Supa,Grimmjow,Джираия
20200208,170434,123447,123022,101602,100504,98794,88670,80540,76308,75752,75190,73512,72433,70007,61921,57649,55912,55469,55142,49194,46336,46195,43331,43291,42868,41800,41367,41252,40460,40356,40230,39473,39278,38056,35267,33718,33361,32988,30566,30518,30317,29497,29010,28942,28503,28299,27937,27592,26870,26771,26526,26233,26158,25574,25438,25325,24689,24646,24526,23440,23282,23182,22089,21708,21201,20970,20870,20549,20404,20269,20197,19836,19278,19007,18581,18515,17532,17023,16744,16578,16473,16165,16010,16006,15694,15531,15411,15375,15077,14639,14181,14180,14105,13855,13020,12842,12701,12608,12535,12487
date,Джирайя,Майто Гай,Uchiha Madara,Shisui,Айзен,AloneInTheDark,Rosich,sensey,Юморист,YuRaN III,Нет,Сайдзо,Мастер ИП,Orochimaru,Rock Lee,Tayuya,Rokyro Rau,Хедин,РИДИК,-Tobi-,Kira,KillerNick,Акабане Карма,misha10x10x,Вулкан,DeYsTrave,Sakata Gintoki,Kirishima Touka,Fludo,Конс,Neji Hyuga,Социопат_мл,_Indra_,Леди ангел,Акасуна но Акира,Trigun,Ога Тацуми,Silf,Vizer fon Ghoul,Учиха Хидате,Freir,Нагато Пейн,СОНЯ,Konan,Firebug,Гаара,ArtiGarPotr,-Uchiha-Artem-,Гусь,Andara,CM Punk,герцогиня,Izaya Orihara,Mikadzuki,треш,_ZeuS_,Торуне,Канеки Учиха,Deathstroke,Pain,Младший Брат,L Lawliet,Garadin,mazumuz,тихиЙ ужаС,Ledi,Сбежавший Учиха,Курама Якумо,Большой Брат,Социопат,Brave,Хичиго Широсаки,zzStop,LoLka 80 lvl,ШикамарУ,Изуки Мидория,Тобирама Сенджу,Mrak,Кимимаро,Ogawa,Alukard,Последователь,Г а а р а,Djons,Mirajane,Пчёлка,~TITAN~,Scifsyyh,~KiLLeR~,_Призрак_,TheJoker,StanLee,Хрустальный Лис,Корвин,Тендо Нагато,-Sally-,Флэш,Supa,Grimmjow,Джираия
20200209,170488,123496,123022,101673,100566,98849,88711,80585,76360,75775,75190,73512,72480,70007,61921,57649,55966,55521,55142,49196,46336,46195,43331,43291,42868,41800,41367,41252,40489,40356,40230,39473,39278,38056,35354,33718,33361,32988,30586,30518,30317,29497,29010,28942,28528,28346,27937,27592,26870,26821,26526,26233,26158,25574,25438,25325,24689,24646,24526,23440,23282,23182,22089,21708,21201,20970,20870,20561,20449,20269,20197,19836,19278,19007,18581,18515,17532,17023,16744,16578,16473,16165,16073,16048,15694,15531,15411,15375,15077,14639,14181,14180,14105,13855,13078,12842,12713,12608,12535,12487
date,Джирайя,Майто Гай,Uchiha Madara,Shisui,Айзен,AloneInTheDark,Rosich,sensey,Юморист,YuRaN III,Нет,Сайдзо,Мастер ИП,Orochimaru,Rock Lee,Tayuya,Rokyro Rau,Хедин,РИДИК,-Tobi-,Kira,KillerNick,Акабане Карма,misha10x10x,Вулкан,DeYsTrave,Sakata Gintoki,Kirishima Touka,Fludo,Конс,Neji Hyuga,Социопат_мл,_Indra_,Леди ангел,Акасуна но Акира,Trigun,Ога Тацуми,Silf,Vizer fon Ghoul,Учиха Хидате,Freir,Нагато Пейн,СОНЯ,Konan,Firebug,Гаара,ArtiGarPotr,-Uchiha-Artem-,Andara,Гусь,CM Punk,герцогиня,Izaya Orihara,Mikadzuki,треш,_ZeuS_,Торуне,Канеки Учиха,Deathstroke,Pain,Младший Брат,L Lawliet,Garadin,mazumuz,тихиЙ ужаС,Ledi,Сбежавший Учиха,Курама Якумо,Большой Брат,Социопат,Brave,Хичиго Широсаки,zzStop,LoLka 80 lvl,ШикамарУ,Изуки Мидория,Тобирама Сенджу,Mrak,Кимимаро,Ogawa,Alukard,Последователь,Г а а р а,Djons,Mirajane,Пчёлка,~TITAN~,Scifsyyh,~KiLLeR~,_Призрак_,TheJoker,StanLee,Хрустальный Лис,Корвин,Тендо Нагато,-Sally-,Флэш,Supa,Grimmjow,Джираия
20200210,170541,123546,123080,101722,100621,98894,88770,80630,76386,75862,75273,73512,72536,70007,61921,57649,56014,55567,55142,49196,46336,46195,43331,43291,42868,41800,41367,41252,40526,40356,40230,39473,39316,38056,35403,33718,33361,32988,30620,30518,30317,29497,29010,28942,28597,28347,27937,27592,26893,26870,26526,26233,26158,25574,25438,25325,24689,24646,24526,23440,23282,23182,22089,21708,21201,20970,20870,20561,20491,20269,20197,19836,19278,19007,18581,18515,17532,17023,16744,16578,16473,16165,16125,16054,15694,15531,15411,15375,15077,14639,14181,14180,14105,13855,13132,12842,12755,12608,12535,12487
date,Джирайя,Майто Гай,Uchiha Madara,Shisui,Айзен,AloneInTheDark,Rosich,sensey,Юморист,YuRaN III,Нет,Сайдзо,Мастер ИП,Orochimaru,Rock Lee,Tayuya,Rokyro Rau,Хедин,РИДИК,-Tobi-,Kira,KillerNick,Акабане Карма,misha10x10x,Вулкан,DeYsTrave,Sakata Gintoki,Kirishima Touka,Fludo,Конс,Neji Hyuga,Социопат_мл,_Indra_,Леди ангел,Акасуна но Акира,Trigun,Ога Тацуми,Silf,Vizer fon Ghoul,Учиха Хидате,Freir,Нагато Пейн,СОНЯ,Konan,Firebug,Гаара,ArtiGarPotr,-Uchiha-Artem-,Andara,Гусь,CM Punk,герцогиня,Izaya Orihara,Mikadzuki,треш,_ZeuS_,Торуне,Канеки Учиха,Deathstroke,Pain,Младший Брат,L Lawliet,Garadin,mazumuz,тихиЙ ужаС,Ledi,Сбежавший Учиха,Курама Якумо,Большой Брат,Социопат,Brave,Хичиго Широсаки,zzStop,LoLka 80 lvl,ШикамарУ,Изуки Мидория,Тобирама Сенджу,Mrak,Кимимаро,Ogawa,Alukard,Последователь,Г а а р а,Djons,Mirajane,Пчёлка,~TITAN~,Scifsyyh,~KiLLeR~,_Призрак_,TheJoker,StanLee,Хрустальный Лис,Корвин,Тендо Нагато,-Sally-,Флэш,Supa,Grimmjow,Джираия
20200211,170588,123588,123163,101755,100677,98922,88823,80672,76457,75908,75320,73512,72577,70007,61921,57649,56046,55567,55142,49196,46336,46195,43331,43291,42868,41800,41367,41252,40537,40356,40230,39473,39320,38056,35418,33718,33361,32988,30684,30518,30317,29497,29010,28942,28637,28372,27937,27592,26918,26870,26526,26233,26158,25574,25438,25325,24689,24646,24526,23440,23282,23182,22089,21708,21201,20970,20870,20586,20519,20269,20197,19836,19278,19007,18581,18515,17532,17023,16744,16578,16473,16165,16159,16070,15694,15531,15411,15376,15081,14639,14181,14180,14105,13855,13176,12842,12789,12608,12535,12487
date,Джирайя,Майто Гай,Uchiha Madara,Shisui,Айзен,AloneInTheDark,Rosich,sensey,Юморист,YuRaN III,Нет,Сайдзо,Мастер ИП,Orochimaru,Rock Lee,Tayuya,Rokyro Rau,Хедин,РИДИК,-Tobi-,Kira,KillerNick,Акабане Карма,misha10x10x,Вулкан,DeYsTrave,Sakata Gintoki,Kirishima Touka,Fludo,Конс,Neji Hyuga,Социопат_мл,_Indra_,Леди ангел,Акасуна но Акира,Trigun,Ога Тацуми,Silf,Vizer fon Ghoul,Учиха Хидате,Freir,Нагато Пейн,СОНЯ,Konan,Firebug,Гаара,ArtiGarPotr,-Uchiha-Artem-,Andara,Гусь,CM Punk,герцогиня,Izaya Orihara,Mikadzuki,треш,_ZeuS_,Торуне,Канеки Учиха,Deathstroke,Pain,Младший Брат,L Lawliet,Garadin,mazumuz,тихиЙ ужаС,Ledi,Сбежавший Учиха,Курама Якумо,Большой Брат,Социопат,Brave,Хичиго Широсаки,zzStop,LoLka 80 lvl,ШикамарУ,Изуки Мидория,Тобирама Сенджу,Mrak,Кимимаро,Ogawa,Alukard,Г а а р а,Последователь,Djons,Mirajane,Пчёлка,~TITAN~,Scifsyyh,~KiLLeR~,_Призрак_,TheJoker,StanLee,Хрустальный Лис,Корвин,Тендо Нагато,-Sally-,Флэш,Supa,Grimmjow,Джираия
20200212,170651,123643,123215,101818,100726,98985,88872,80718,76493,75954,75370,73512,72577,70007,61921,57649,56101,55567,55142,49196,46336,46195,43331,43291,42868,41800,41367,41252,40544,40356,40230,39473,39332,38056,35418,33718,33361,32988,30726,30518,30317,29497,29010,28942,28684,28419,27937,27592,26981,26870,26526,26233,26158,25574,25438,25325,24689,24646,24526,23440,23282,23182,22089,21708,21201,20970,20870,20632,20528,20269,20197,19836,19278,19007,18581,18515,17533,17023,16744,16578,16473,16209,16176,16079,15694,15531,15411,15376,15081,14639,14181,14180,14105,13855,13220,12842,12824,12608,12535,12487
date,Джирайя,Майто Гай,Uchiha Madara,Shisui,Айзен,AloneInTheDark,Rosich,sensey,Юморист,YuRaN III,Нет,Сайдзо,Мастер ИП,Orochimaru,Rock Lee,Tayuya,Rokyro Rau,Хедин,РИДИК,-Tobi-,Kira,KillerNick,Акабане Карма,misha10x10x,Вулкан,DeYsTrave,Sakata Gintoki,Kirishima Touka,Fludo,Конс,Neji Hyuga,Социопат_мл,_Indra_,Леди ангел,Акасуна но Акира,Trigun,Ога Тацуми,Silf,Vizer fon Ghoul,Учиха Хидате,Freir,Нагато Пейн,СОНЯ,Konan,Firebug,Гаара,ArtiGarPotr,-Uchiha-Artem-,Andara,Гусь,CM Punk,герцогиня,Izaya Orihara,Mikadzuki,треш,_ZeuS_,Торуне,Канеки Учиха,Deathstroke,Pain,Младший Брат,L Lawliet,Garadin,mazumuz,тихиЙ ужаС,Ledi,Сбежавший Учиха,Курама Якумо,Большой Брат,Социопат,Brave,Хичиго Широсаки,zzStop,LoLka 80 lvl,ШикамарУ,Изуки Мидория,Тобирама Сенджу,Mrak,Кимимаро,Ogawa,Alukard,Г а а р а,Последователь,Djons,Mirajane,Пчёлка,~TITAN~,Scifsyyh,~KiLLeR~,_Призрак_,TheJoker,StanLee,Хрустальный Лис,Корвин,Тендо Нагато,Флэш,-Sally-,Supa,Grimmjow,Джираия
20200213,170703,123692,123244,101868,100786,99032,88926,80810,76560,75999,75418,73512,72577,70007,61921,57649,56147,55624,55143,49196,46336,46195,43331,43291,42868,41800,41367,41252,40547,40356,40230,39473,39332,38056,35419,33718,33361,32988,30758,30518,30317,29497,29010,28942,28726,28472,27937,27592,27027,26870,26526,26233,26158,25576,25438,25325,24689,24646,24526,23440,23282,23182,22089,21708,21201,20970,20870,20677,20588,20269,20197,19836,19278,19007,18581,18515,17533,17023,16744,16578,16473,16250,16186,16116,15694,15531,15411,15376,15083,14639,14181,14180,14105,13855,13264,12847,12842,12608,12535,12487
date,Джирайя,Майто Гай,Uchiha Madara,Shisui,Айзен,AloneInTheDark,Rosich,sensey,Юморист,YuRaN III,Нет,Сайдзо,Мастер ИП,Orochimaru,Rock Lee,Tayuya,Rokyro Rau,Хедин,РИДИК,-Tobi-,Kira,KillerNick,Акабане Карма,misha10x10x,Вулкан,DeYsTrave,Sakata Gintoki,Kirishima Touka,Fludo,Конс,Neji Hyuga,Социопат_мл,_Indra_,Леди ангел,Акасуна но Акира,Trigun,Ога Тацуми,Silf,Vizer fon Ghoul,Учиха Хидате,Freir,Нагато Пейн,СОНЯ,Konan,Firebug,Гаара,ArtiGarPotr,-Uchiha-Artem-,Andara,Гусь,CM Punk,герцогиня,Izaya Orihara,Mikadzuki,треш,_ZeuS_,Торуне,Канеки Учиха,Deathstroke,Pain,Младший Брат,L Lawliet,Garadin,mazumuz,тихиЙ ужаС,Ledi,Сбежавший Учиха,Курама Якумо,Большой Брат,Социопат,Brave,Хичиго Широсаки,zzStop,LoLka 80 lvl,ШикамарУ,Изуки Мидория,Тобирама Сенджу,Mrak,Кимимаро,Ogawa,Alukard,Г а а р а,Последователь,Djons,Mirajane,Пчёлка,~TITAN~,Scifsyyh,~KiLLeR~,_Призрак_,TheJoker,StanLee,Хрустальный Лис,Корвин,Тендо Нагато,Флэш,-Sally-,Supa,Grimmjow,Джираия
20200214,170734,123743,123277,101917,100853,99073,88984,80854,76590,76049,75464,73512,72577,70007,61921,57649,56192,55624,55142,49197,46336,46196,43331,43291,42868,41800,41367,41252,40547,40356,40230,39473,39332,38056,35492,33718,33361,32988,30786,30518,30317,29497,29010,28942,28768,28522,27937,27592,27072,26870,26526,26233,26158,25624,25438,25325,24689,24646,24526,23440,23282,23182,22092,21708,21201,20970,20870,20718,20647,20269,20197,19836,19278,19007,18581,18515,17533,17023,16744,16578,16473,16293,16194,16131,15694,15531,15411,15376,15083,14639,14181,14180,14105,13855,13308,12847,12842,12608,12535,12487
date,Джирайя,Майто Гай,Uchiha Madara,Shisui,Айзен,AloneInTheDark,Rosich,sensey,Юморист,YuRaN III,Нет,Сайдзо,Мастер ИП,Orochimaru,Rock Lee,Tayuya,Rokyro Rau,Хедин,РИДИК,-Tobi-,Kira,KillerNick,Акабане Карма,misha10x10x,Вулкан,DeYsTrave,Sakata Gintoki,Kirishima Touka,Fludo,Конс,Neji Hyuga,Социопат_мл,_Indra_,Леди ангел,Акасуна но Акира,Trigun,Ога Тацуми,Silf,Vizer fon Ghoul,Учиха Хидате,Freir,Нагато Пейн,СОНЯ,Konan,Firebug,Гаара,ArtiGarPotr,-Uchiha-Artem-,Andara,Гусь,CM Punk,герцогиня,Izaya Orihara,Mikadzuki,треш,_ZeuS_,Торуне,Канеки Учиха,Deathstroke,Pain,Младший Брат,L Lawliet,Garadin,mazumuz,тихиЙ ужаС,Ledi,Сбежавший Учиха,Курама Якумо,Большой Брат,Социопат,Brave,Хичиго Широсаки,zzStop,LoLka 80 lvl,ШикамарУ,Изуки Мидория,Тобирама Сенджу,Mrak,Кимимаро,Ogawa,Alukard,Г а а р а,Последователь,Djons,Mirajane,Пчёлка,~TITAN~,Scifsyyh,~KiLLeR~,_Призрак_,TheJoker,StanLee,Хрустальный Лис,Корвин,Тендо Нагато,Флэш,-Sally-,Supa,Grimmjow,Джираия
20200215,170811,123791,123362,101965,100906,99125,89024,80898,76658,76096,75516,73512,72577,70007,61921,57649,56242,55627,55142,49197,46336,46196,43331,43291,42868,41800,41367,41252,40547,40356,40230,39473,39332,38056,35510,33718,33361,32988,30815,30518,30317,29497,29010,28942,28812,28566,27937,27592,27115,26870,26526,26233,26158,25624,25438,25325,24689,24646,24526,23440,23282,23182,22092,21708,21201,20970,20870,20764,20690,20269,20197,19836,19278,19007,18581,18515,17533,17023,16744,16578,16473,16335,16204,16167,15694,15531,15411,15376,15083,14639,14181,14180,14105,13855,13352,12851,12842,12608,12535,12487
date,Джирайя,Майто Гай,Uchiha Madara,Shisui,Айзен,AloneInTheDark,Rosich,sensey,Юморист,YuRaN III,Нет,Сайдзо,Мастер ИП,Orochimaru,Rock Lee,Tayuya,Rokyro Rau,Хедин,РИДИК,-Tobi-,Kira,KillerNick,Акабане Карма,misha10x10x,Вулкан,DeYsTrave,Sakata Gintoki,Kirishima Touka,Fludo,Конс,Neji Hyuga,Социопат_мл,_Indra_,Леди ангел,Акасуна но Акира,Trigun,Ога Тацуми,Silf,Vizer fon Ghoul,Учиха Хидате,Freir,Нагато Пейн,СОНЯ,Konan,Firebug,Гаара,ArtiGarPotr,-Uchiha-Artem-,Andara,Гусь,CM Punk,герцогиня,Izaya Orihara,Mikadzuki,треш,_ZeuS_,Торуне,Канеки Учиха,Deathstroke,Pain,Младший Брат,L Lawliet,Garadin,mazumuz,тихиЙ ужаС,Ledi,Сбежавший Учиха,Курама Якумо,Большой Брат,Социопат,Brave,Хичиго Широсаки,zzStop,LoLka 80 lvl,ШикамарУ,Изуки Мидория,Тобирама Сенджу,Mrak,Кимимаро,Ogawa,Alukard,Г а а р а,Последователь,Djons,Mirajane,Пчёлка,~TITAN~,Scifsyyh,~KiLLeR~,_Призрак_,TheJoker,StanLee,Хрустальный Лис,Корвин,Тендо Нагато,Флэш,-Sally-,Supa,Grimmjow,Джираия
20200216,170864,123843,123399,102014,101008,99171,89078,80943,76693,76142,75562,73512,72577,70007,61921,57649,56287,55627,55142,49197,46336,46196,43331,43291,42868,41800,41367,41252,40577,40356,40230,39473,39348,38056,35510,33718,33361,32988,30849,30518,30317,29497,29010,28942,28856,28566,27937,27592,27128,26870,26526,26233,26158,25672,25438,25325,24689,24646,24526,23440,23282,23182,22092,21708,21201,20970,20870,20810,20732,20269,20197,19836,19278,19007,18581,18515,17533,17023,16744,16578,16473,16378,16222,16191,15694,15531,15411,15376,15083,14639,14181,14180,14105,13855,13396,12851,12842,12608,12535,12487
date,Джирайя,Майто Гай,Uchiha Madara,Shisui,Айзен,AloneInTheDark,Rosich,sensey,Юморист,YuRaN III,Нет,Сайдзо,Мастер ИП,Orochimaru,Rock Lee,Tayuya,Rokyro Rau,Хедин,РИДИК,-Tobi-,Kira,KillerNick,Акабане Карма,misha10x10x,Вулкан,DeYsTrave,Sakata Gintoki,Kirishima Touka,Fludo,Конс,Neji Hyuga,Социопат_мл,_Indra_,Леди ангел,Акасуна но Акира,Trigun,Ога Тацуми,Silf,Vizer fon Ghoul,Учиха Хидате,Freir,Нагато Пейн,СОНЯ,Konan,Firebug,Гаара,ArtiGarPotr,-Uchiha-Artem-,Andara,Гусь,CM Punk,герцогиня,Izaya Orihara,Mikadzuki,треш,_ZeuS_,Торуне,Канеки Учиха,Deathstroke,Pain,Младший Брат,L Lawliet,Garadin,mazumuz,тихиЙ ужаС,Ledi,Сбежавший Учиха,Курама Якумо,Большой Брат,Социопат,Brave,Хичиго Широсаки,zzStop,LoLka 80 lvl,ШикамарУ,Изуки Мидория,Тобирама Сенджу,Mrak,Кимимаро,Ogawa,Alukard,Г а а р а,Djons,Последователь,Mirajane,Пчёлка,~TITAN~,Scifsyyh,~KiLLeR~,_Призрак_,TheJoker,StanLee,Хрустальный Лис,Корвин,Тендо Нагато,Флэш,-Sally-,Supa,Grimmjow,Джираия
20200217,170917,123891,123437,102063,101065,99216,89124,80986,76731,76189,75562,73512,72577,70007,61921,57649,56334,55627,55142,49197,46336,46196,43331,43291,42868,41800,41367,41252,40577,40356,40230,39473,39348,38056,35535,33718,33361,32988,30885,30520,30317,29497,29010,28942,28900,28566,27937,27592,27128,26870,26526,26233,26158,25718,25438,25325,24689,24646,24526,23440,23282,23182,22095,21708,21201,20970,20870,20856,20777,20269,20197,19850,19278,19007,18581,18515,17533,17023,16744,16578,16473,16420,16228,16222,15694,15531,15411,15376,15083,14639,14181,14180,14105,13855,13439,12851,12842,12608,12535,12487
date,Джирайя,Майто Гай,Uchiha Madara,Shisui,Айзен,AloneInTheDark,Rosich,sensey,Юморист,YuRaN III,Нет,Сайдзо,Мастер ИП,Orochimaru,Rock Lee,Tayuya,Rokyro Rau,Хедин,РИДИК,-Tobi-,Kira,KillerNick,Акабане Карма,misha10x10x,Вулкан,DeYsTrave,Sakata Gintoki,Kirishima Touka,Fludo,Конс,Neji Hyuga,Социопат_мл,_Indra_,Леди ангел,Акасуна но Акира,Trigun,Ога Тацуми,Silf,Vizer fon Ghoul,Учиха Хидате,Freir,Нагато Пейн,СОНЯ,Firebug,Konan,Гаара,ArtiGarPotr,-Uchiha-Artem-,Andara,Гусь,CM Punk,герцогиня,Izaya Orihara,Mikadzuki,треш,_ZeuS_,Торуне,Канеки Учиха,Deathstroke,Pain,Младший Брат,L Lawliet,Garadin,mazumuz,тихиЙ ужаС,Ledi,Курама Якумо,Сбежавший Учиха,Большой Брат,Социопат,Brave,Хичиго Широсаки,zzStop,LoLka 80 lvl,ШикамарУ,Изуки Мидория,Тобирама Сенджу,Mrak,Кимимаро,Ogawa,Alukard,Г а а р а,Djons,Последователь,Mirajane,Пчёлка,~TITAN~,Scifsyyh,~KiLLeR~,_Призрак_,TheJoker,StanLee,Хрустальный Лис,Корвин,Тендо Нагато,Флэш,-Sally-,Supa,Grimmjow,Джираия
20200218,170969,123941,123477,102112,101114,99236,89170,81030,76783,76228,75562,73512,72577,70007,61921,57649,56368,55627,55142,49197,46336,46196,43331,43291,42868,41800,41367,41252,40577,40356,40230,39473,39348,38056,35578,33718,33361,32988,30933,30520,30317,29497,29010,28946,28942,28611,27937,27592,27128,26870,26526,26233,26158,25753,25438,25325,24689,24646,24526,23440,23282,23182,22095,21708,21201,20970,20901,20870,20820,20269,20197,19890,19278,19007,18581,18521,17533,17023,16744,16578,16473,16461,16263,16222,15694,15531,15411,15376,15083,14639,14181,14180,14105,13855,13480,12851,12842,12608,12535,12487
date,Джирайя,Майто Гай,Uchiha Madara,Shisui,Айзен,AloneInTheDark,Rosich,sensey,Юморист,YuRaN III,Нет,Сайдзо,Мастер ИП,Orochimaru,Rock Lee,Tayuya,Rokyro Rau,Хедин,РИДИК,-Tobi-,Kira,KillerNick,Акабане Карма,misha10x10x,Вулкан,DeYsTrave,Sakata Gintoki,Kirishima Touka,Fludo,Конс,Neji Hyuga,Социопат_мл,_Indra_,Леди ангел,Акасуна но Акира,Trigun,Ога Тацуми,Silf,Vizer fon Ghoul,Учиха Хидате,Freir,Нагато Пейн,Firebug,СОНЯ,Konan,Гаара,ArtiGarPotr,-Uchiha-Artem-,Andara,Гусь,CM Punk,герцогиня,Izaya Orihara,Mikadzuki,треш,_ZeuS_,Торуне,Канеки Учиха,Deathstroke,Pain,Младший Брат,L Lawliet,Garadin,mazumuz,тихиЙ ужаС,Ledi,Курама Якумо,Сбежавший Учиха,Большой Брат,Социопат,Brave,Хичиго Широсаки,zzStop,LoLka 80 lvl,ШикамарУ,Изуки Мидория,Тобирама Сенджу,Mrak,Кимимаро,Ogawa,Г а а р а,Alukard,Djons,Последователь,Mirajane,Пчёлка,~TITAN~,Scifsyyh,~KiLLeR~,_Призрак_,TheJoker,StanLee,Хрустальный Лис,Корвин,Тендо Нагато,Флэш,-Sally-,Supa,Grimmjow,Катаямо
20200219,171024,123989,123521,102161,101165,99300,89228,81075,76831,76282,75562,73512,72577,70007,61921,57649,56426,55627,55142,49197,46336,46196,43331,43291,42868,41800,41367,41252,40577,40356,40230,39473,39348,38056,35578,33718,33361,32988,30984,30520,30317,29497,29037,29010,28942,28653,27937,27592,27128,26870,26526,26233,26158,25753,25438,25325,24689,24646,24526,23440,23282,23182,22095,21708,21201,20970,20947,20870,20863,20269,20197,19903,19278,19007,18581,18530,17533,17023,16744,16578,16504,16473,16306,16222,15694,15531,15411,15376,15083,14639,14181,14180,14105,13855,13527,12851,12842,12608,12535,12500
date,Джирайя,Майто Гай,Uchiha Madara,Shisui,Айзен,AloneInTheDark,Rosich,sensey,Юморист,YuRaN III,Нет,Сайдзо,Мастер ИП,Orochimaru,Rock Lee,Tayuya,Rokyro Rau,Хедин,РИДИК,-Tobi-,Kira,KillerNick,Акабане Карма,misha10x10x,Вулкан,DeYsTrave,Sakata Gintoki,Kirishima Touka,Fludo,Конс,Neji Hyuga,Социопат_мл,_Indra_,Леди ангел,Акасуна но Акира,Trigun,Ога Тацуми,Silf,Vizer fon Ghoul,Учиха Хидате,Freir,Нагато Пейн,Firebug,СОНЯ,Konan,Гаара,ArtiGarPotr,-Uchiha-Artem-,Andara,Гусь,CM Punk,герцогиня,Izaya Orihara,Mikadzuki,треш,_ZeuS_,Торуне,Канеки Учиха,Deathstroke,Pain,Младший Брат,L Lawliet,Garadin,mazumuz,тихиЙ ужаС,Курама Якумо,Ledi,Большой Брат,Сбежавший Учиха,Социопат,Brave,Хичиго Широсаки,zzStop,LoLka 80 lvl,ШикамарУ,Изуки Мидория,Тобирама Сенджу,Mrak,Кимимаро,Ogawa,Г а а р а,Alukard,Djons,Последователь,Mirajane,Пчёлка,~TITAN~,Scifsyyh,~KiLLeR~,_Призрак_,TheJoker,StanLee,Хрустальный Лис,Корвин,Тендо Нагато,Флэш,-Sally-,Supa,Катаямо,Grimmjow
20200220,171078,124038,123594,102208,101213,99331,89264,81119,76899,76314,75562,73512,72577,70007,61921,57649,56474,55627,55142,49197,46336,46196,43331,43291,42868,41800,41367,41252,40577,40356,40230,39473,39348,38056,35578,33718,33361,32988,31035,30520,30317,29497,29133,29010,28942,28708,27937,27592,27188,26870,26526,26233,26158,25803,25438,25325,24689,24646,24526,23440,23282,23182,22095,21708,21201,20993,20970,20891,20870,20269,20197,19903,19278,19007,18581,18530,17533,17023,16744,16578,16546,16473,16314,16222,15694,15531,15411,15376,15083,14639,14181,14180,14105,13855,13571,12851,12842,12608,12543,12535
date,Джирайя,Майто Гай,Uchiha Madara,Shisui,Айзен,AloneInTheDark,Rosich,sensey,Юморист,YuRaN III,Нет,Сайдзо,Мастер ИП,Orochimaru,Rock Lee,Tayuya,Rokyro Rau,Хедин,РИДИК,-Tobi-,Kira,KillerNick,Акабане Карма,misha10x10x,Вулкан,DeYsTrave,Sakata Gintoki,Kirishima Touka,Fludo,Конс,Neji Hyuga,Социопат_мл,_Indra_,Леди ангел,Акасуна но Акира,Trigun,Ога Тацуми,Silf,Vizer fon Ghoul,Учиха Хидате,Freir,Нагато Пейн,Firebug,СОНЯ,Konan,Гаара,ArtiGarPotr,-Uchiha-Artem-,Andara,Гусь,CM Punk,герцогиня,Izaya Orihara,Mikadzuki,треш,_ZeuS_,Торуне,Канеки Учиха,Deathstroke,Pain,Младший Брат,L Lawliet,Garadin,mazumuz,тихиЙ ужаС,Курама Якумо,Ledi,Большой Брат,Сбежавший Учиха,Социопат,Brave,Хичиго Широсаки,zzStop,LoLka 80 lvl,ШикамарУ,Изуки Мидория,Тобирама Сенджу,Mrak,Кимимаро,Г а а р а,Ogawa,Alukard,Djons,Последователь,Mirajane,Пчёлка,~TITAN~,Scifsyyh,~KiLLeR~,_Призрак_,TheJoker,StanLee,Хрустальный Лис,Корвин,Тендо Нагато,Флэш,-Sally-,Supa,Катаямо,Grimmjow
20200221,171131,124089,123630,102256,101265,99373,89314,81164,76935,76374,75562,73512,72577,70007,61921,57649,56508,55627,55142,49197,46336,46196,43331,43291,42868,41800,41367,41252,40577,40356,40230,39473,39349,38056,35646,33718,33361,32988,31061,30520,30317,29497,29133,29010,28942,28750,27937,27592,27231,26870,26526,26233,26158,25846,25438,25325,24689,24646,24526,23440,23282,23182,22095,21708,21201,21038,20970,20915,20870,20269,20197,19903,19278,19007,18581,18530,17533,17023,16744,16589,16578,16473,16315,16222,15694,15531,15411,15376,15083,14639,14181,14180,14105,13855,13616,12884,12842,12608,12588,12535
date,Джирайя,Майто Гай,Uchiha Madara,Shisui,Айзен,AloneInTheDark,Rosich,sensey,Юморист,YuRaN III,Нет,Сайдзо,Мастер ИП,Orochimaru,Rock Lee,Tayuya,Rokyro Rau,Хедин,РИДИК,-Tobi-,Kira,KillerNick,Акабане Карма,misha10x10x,Вулкан,DeYsTrave,Sakata Gintoki,Kirishima Touka,Fludo,Конс,Neji Hyuga,Социопат_мл,_Indra_,Леди ангел,Акасуна но Акира,Trigun,Ога Тацуми,Silf,Vizer fon Ghoul,Учиха Хидате,Freir,Нагато Пейн,Firebug,СОНЯ,Konan,Гаара,ArtiGarPotr,-Uchiha-Artem-,Andara,Гусь,CM Punk,герцогиня,Izaya Orihara,Mikadzuki,треш,_ZeuS_,Торуне,Канеки Учиха,Deathstroke,Pain,Младший Брат,L Lawliet,Garadin,mazumuz,тихиЙ ужаС,Курама Якумо,Ledi,Большой Брат,Сбежавший Учиха,Социопат,Brave,Хичиго Широсаки,zzStop,LoLka 80 lvl,ШикамарУ,Изуки Мидория,Тобирама Сенджу,Mrak,Кимимаро,Г а а р а,Ogawa,Alukard,Djons,Последователь,Mirajane,Пчёлка,~TITAN~,Scifsyyh,~KiLLeR~,_Призрак_,TheJoker,StanLee,Хрустальный Лис,Корвин,Тендо Нагато,Флэш,-Sally-,Катаямо,Supa,Grimmjow
20200222,171184,124136,123694,102304,101310,99425,89376,81209,76962,76408,75562,73512,72577,70007,61921,57649,56563,55627,55142,49197,46336,46196,43331,43291,42868,41800,41367,41252,40577,40356,40230,39473,39349,38056,35704,33718,33361,32988,31089,30520,30317,29497,29133,29010,28942,28786,27937,27592,27242,26870,26526,26233,26158,25888,25438,25325,24689,24646,24526,23440,23282,23182,22095,21708,21201,21084,20970,20963,20870,20269,20197,19903,19278,19007,18581,18530,17533,17023,16744,16615,16578,16473,16334,16222,15694,15531,15411,15376,15083,14639,14181,14180,14105,13855,13645,12919,12842,12632,12608,12535
date,Джирайя,Майто Гай,Uchiha Madara,Shisui,Айзен,AloneInTheDark,Rosich,sensey,Юморист,YuRaN III,Нет,Сайдзо,Мастер ИП,Orochimaru,Rock Lee,Tayuya,Rokyro Rau,Хедин,РИДИК,-Tobi-,Kira,KillerNick,Акабане Карма,misha10x10x,Вулкан,DeYsTrave,Sakata Gintoki,Kirishima Touka,Fludo,Конс,Neji Hyuga,Социопат_мл,_Indra_,Леди ангел,Акасуна но Акира,Trigun,Ога Тацуми,Silf,Vizer fon Ghoul,Учиха Хидате,Freir,Нагато Пейн,Firebug,СОНЯ,Konan,Гаара,ArtiGarPotr,-Uchiha-Artem-,Andara,Гусь,CM Punk,герцогиня,Izaya Orihara,Mikadzuki,треш,_ZeuS_,Торуне,Канеки Учиха,Deathstroke,Pain,Младший Брат,L Lawliet,Garadin,mazumuz,тихиЙ ужаС,Курама Якумо,Большой Брат,Ledi,Сбежавший Учиха,Социопат,Brave,Хичиго Широсаки,zzStop,LoLka 80 lvl,ШикамарУ,Изуки Мидория,Тобирама Сенджу,Mrak,Кимимаро,Г а а р а,Ogawa,Alukard,Djons,Последователь,Mirajane,Пчёлка,~TITAN~,Scifsyyh,~KiLLeR~,_Призрак_,TheJoker,StanLee,Хрустальный Лис,Корвин,Тендо Нагато,Флэш,-Sally-,Катаямо,Supa,Grimmjow
20200223,171240,124186,123735,102352,101362,99490,89428,81254,77026,76408,75562,73512,72577,70007,61921,57649,56606,55678,55142,49197,46336,46196,43331,43291,42868,41800,41367,41252,40577,40356,40230,39473,39349,38056,35716,33718,33361,32988,31133,30520,30317,29497,29143,29010,28942,28786,27937,27592,27320,26870,26526,26233,26158,25889,25438,25325,24689,24646,24526,23440,23282,23182,22104,21708,21201,21130,21032,20970,20870,20269,20197,19903,19278,19007,18581,18530,17533,17023,16744,16674,16578,16473,16355,16222,15694,15531,15411,15376,15083,14639,14181,14180,14105,13855,13706,12946,12842,12676,12608,12535
date,Джирайя,Майто Гай,Uchiha Madara,Shisui,Айзен,AloneInTheDark,Rosich,sensey,Юморист,YuRaN III,Нет,Сайдзо,Мастер ИП,Orochimaru,Rock Lee,Tayuya,Rokyro Rau,Хедин,РИДИК,-Tobi-,Kira,KillerNick,Акабане Карма,misha10x10x,Вулкан,DeYsTrave,Sakata Gintoki,Kirishima Touka,Fludo,Конс,Neji Hyuga,Социопат_мл,_Indra_,Леди ангел,Акасуна но Акира,Trigun,Ога Тацуми,Silf,Vizer fon Ghoul,Учиха Хидате,Freir,Нагато Пейн,Firebug,СОНЯ,Konan,Гаара,ArtiGarPotr,-Uchiha-Artem-,Andara,Гусь,CM Punk,герцогиня,Izaya Orihara,Mikadzuki,треш,_ZeuS_,Торуне,Канеки Учиха,Deathstroke,Pain,Младший Брат,L Lawliet,Garadin,mazumuz,тихиЙ ужаС,Курама Якумо,Большой Брат,Ledi,Сбежавший Учиха,Социопат,Brave,Хичиго Широсаки,zzStop,LoLka 80 lvl,ШикамарУ,Изуки Мидория,Тобирама Сенджу,Mrak,Г а а р а,Кимимаро,Ogawa,Alukard,Djons,Последователь,Mirajane,Пчёлка,~TITAN~,Scifsyyh,~KiLLeR~,_Призрак_,TheJoker,StanLee,Хрустальный Лис,Тендо Нагато,Корвин,Флэш,-Sally-,Катаямо,Supa,Grimmjow
20200224,171292,124236,123765,102400,101609,99535,89658,81298,77195,76408,75562,73512,72577,70007,61921,57649,56648,55863,55142,49197,46338,46196,43331,43291,42868,41800,41367,41252,40598,40356,40230,39473,39349,38056,35752,33718,33361,32988,31179,30520,30317,29497,29358,29010,28942,28786,27937,27592,27352,26870,26526,26233,26158,25891,25438,25325,24689,24646,24526,23440,23282,23182,22129,21708,21201,21176,21056,20970,20870,20269,20197,19903,19278,19007,18581,18548,17533,17023,16857,16744,16578,16473,16379,16222,15694,15531,15411,15376,15083,14639,14181,14180,14105,13885,13855,12966,12842,12677,12608,12535
date,Джирайя,Майто Гай,Uchiha Madara,Shisui,Айзен,AloneInTheDark,Rosich,sensey,Юморист,YuRaN III,Нет,Сайдзо,Мастер ИП,Orochimaru,Rock Lee,Tayuya,Rokyro Rau,Хедин,РИДИК,-Tobi-,Kira,KillerNick,Акабане Карма,misha10x10x,Вулкан,DeYsTrave,Sakata Gintoki,Kirishima Touka,Fludo,Конс,Neji Hyuga,Социопат_мл,_Indra_,Леди ангел,Акасуна но Акира,Trigun,Ога Тацуми,Silf,Vizer fon Ghoul,Учиха Хидате,Freir,Нагато Пейн,Firebug,СОНЯ,Konan,Гаара,ArtiGarPotr,-Uchiha-Artem-,Andara,Гусь,CM Punk,герцогиня,Izaya Orihara,Mikadzuki,треш,_ZeuS_,Торуне,Канеки Учиха,Deathstroke,Pain,Младший Брат,L Lawliet,Garadin,mazumuz,Курама Якумо,тихиЙ ужаС,Большой Брат,Ledi,Сбежавший Учиха,Социопат,Brave,Хичиго Широсаки,zzStop,LoLka 80 lvl,ШикамарУ,Изуки Мидория,Тобирама Сенджу,Mrak,Г а а р а,Кимимаро,Ogawa,Alukard,Djons,Последователь,Mirajane,Пчёлка,~TITAN~,Scifsyyh,~KiLLeR~,_Призрак_,TheJoker,StanLee,Хрустальный Лис,Тендо Нагато,Корвин,Флэш,-Sally-,Катаямо,Supa,Grimmjow
20200225,171345,124286,123933,102449,101665,99581,89843,81344,77296,76499,75563,73512,72577,70007,61921,57649,56741,55895,55142,49197,46338,46196,43331,43291,42868,41800,41367,41252,40621,40356,40230,39473,39349,38056,35845,33718,33361,32988,31204,30520,30317,29497,29402,29010,28942,28786,27937,27592,27401,26870,26526,26233,26158,25891,25438,25325,24689,24646,24526,23440,23282,23182,22129,21708,21223,21201,21109,20970,20870,20269,20197,19940,19278,19007,18581,18548,17533,17023,16884,16744,16578,16473,16427,16222,15694,15531,15411,15376,15083,14639,14181,14180,14105,13929,13855,12983,12842,12677,12608,12535
date,Джирайя,Майто Гай,Uchiha Madara,Shisui,Айзен,AloneInTheDark,Rosich,sensey,Юморист,YuRaN III,Нет,Сайдзо,Мастер ИП,Orochimaru,Rock Lee,Tayuya,Rokyro Rau,Хедин,РИДИК,-Tobi-,Kira,KillerNick,Акабане Карма,misha10x10x,Вулкан,DeYsTrave,Sakata Gintoki,Kirishima Touka,Fludo,Конс,Neji Hyuga,Социопат_мл,_Indra_,Леди ангел,Акасуна но Акира,Trigun,Ога Тацуми,Silf,Vizer fon Ghoul,Учиха Хидате,Freir,Нагато Пейн,Firebug,СОНЯ,Konan,Гаара,ArtiGarPotr,-Uchiha-Artem-,Andara,Гусь,CM Punk,герцогиня,Izaya Orihara,Mikadzuki,треш,_ZeuS_,Торуне,Канеки Учиха,Deathstroke,Pain,Младший Брат,L Lawliet,Garadin,mazumuz,Курама Якумо,тихиЙ ужаС,Большой Брат,Ledi,Сбежавший Учиха,Социопат,Brave,Хичиго Широсаки,zzStop,LoLka 80 lvl,ШикамарУ,Изуки Мидория,Тобирама Сенджу,Mrak,Г а а р а,Кимимаро,Ogawa,Alukard,Djons,Последователь,Mirajane,Пчёлка,~TITAN~,Scifsyyh,~KiLLeR~,_Призрак_,TheJoker,StanLee,Хрустальный Лис,Тендо Нагато,Корвин,Флэш,-Sally-,Катаямо,Supa,Grimmjow
20200226,171398,124335,124010,102496,101717,99626,90058,81389,77326,76545,75563,73512,72577,70007,61921,57649,56835,55936,55143,49197,46338,46196,43331,43291,42868,41800,41367,41252,40629,40356,40230,39473,39349,38056,35898,33718,33361,32988,31241,30520,30317,29497,29447,29010,28942,28837,27937,27592,27412,26870,26526,26233,26158,25939,25438,25325,24689,24646,24526,23440,23282,23182,22158,21708,21269,21201,21153,20970,20870,20269,20197,19953,19278,19007,18581,18548,17533,17023,16943,16744,16578,16473,16448,16222,15694,15531,15411,15376,15083,14639,14181,14180,14105,13973,13855,13009,12842,12711,12608,12535
date,Джирайя,Майто Гай,Uchiha Madara,Shisui,Айзен,AloneInTheDark,Rosich,sensey,Юморист,YuRaN III,Нет,Сайдзо,Мастер ИП,Orochimaru,Rock Lee,Tayuya,Rokyro Rau,Хедин,РИДИК,-Tobi-,Kira,KillerNick,Акабане Карма,misha10x10x,Вулкан,DeYsTrave,Sakata Gintoki,Kirishima Touka,Fludo,Конс,Neji Hyuga,Социопат_мл,_Indra_,Леди ангел,Акасуна но Акира,Trigun,Ога Тацуми,Silf,Vizer fon Ghoul,Учиха Хидате,Freir,Нагато Пейн,Firebug,СОНЯ,Konan,Гаара,ArtiGarPotr,-Uchiha-Artem-,Andara,Гусь,CM Punk,герцогиня,Izaya Orihara,Mikadzuki,треш,_ZeuS_,Торуне,Канеки Учиха,Deathstroke,Pain,Младший Брат,L Lawliet,Garadin,mazumuz,Курама Якумо,тихиЙ ужаС,Большой Брат,Ledi,Сбежавший Учиха,Социопат,Brave,Хичиго Широсаки,zzStop,LoLka 80 lvl,ШикамарУ,Изуки Мидория,Тобирама Сенджу,Mrak,Г а а р а,Кимимаро,Ogawa,Alukard,Djons,Последователь,Mirajane,Пчёлка,~TITAN~,Scifsyyh,~KiLLeR~,_Призрак_,TheJoker,StanLee,Хрустальный Лис,Тендо Нагато,Корвин,Флэш,-Sally-,Катаямо,Supa,Grimmjow
20200227,171453,124385,124060,102544,101786,99635,90113,81432,77375,76592,75563,73512,72577,70007,61921,57649,56880,55992,55143,49197,46338,46196,43331,43291,42868,41800,41367,41252,40635,40356,40230,39473,39349,38056,35910,33718,33361,32988,31312,30520,30317,29497,29447,29010,28942,28885,27937,27592,27465,26870,26526,26233,26158,25987,25438,25325,24689,24646,24526,23440,23282,23182,22158,21708,21305,21201,21196,20970,20870,20269,20197,19953,19278,19007,18581,18548,17533,17023,16973,16744,16578,16473,16468,16222,15694,15531,15411,15376,15083,14639,14181,14180,14105,14015,13855,13040,12842,12755,12608,12535
date,Джирайя,Майто Гай,Uchiha Madara,Shisui,Айзен,AloneInTheDark,Rosich,sensey,Юморист,YuRaN III,Нет,Сайдзо,Мастер ИП,Orochimaru,Rock Lee,Tayuya,Rokyro Rau,Хедин,РИДИК,-Tobi-,Kira,KillerNick,Акабане Карма,misha10x10x,Вулкан,DeYsTrave,Sakata Gintoki,Kirishima Touka,Fludo,Конс,Neji Hyuga,Социопат_мл,_Indra_,Леди ангел,Акасуна но Акира,Trigun,Ога Тацуми,Silf,Vizer fon Ghoul,Учиха Хидате,Freir,Нагато Пейн,Firebug,СОНЯ,Konan,Гаара,ArtiGarPotr,-Uchiha-Artem-,Andara,Гусь,CM Punk,герцогиня,Izaya Orihara,Mikadzuki,треш,_ZeuS_,Торуне,Канеки Учиха,Deathstroke,Pain,Младший Брат,L Lawliet,Garadin,mazumuz,Курама Якумо,Большой Брат,тихиЙ ужаС,Ledi,Сбежавший Учиха,Социопат,Brave,Хичиго Широсаки,zzStop,LoLka 80 lvl,ШикамарУ,Изуки Мидория,Тобирама Сенджу,Г а а р а,Mrak,Кимимаро,Ogawa,Djons,Alukard,Последователь,Mirajane,Пчёлка,~TITAN~,Scifsyyh,~KiLLeR~,_Призрак_,TheJoker,StanLee,Хрустальный Лис,Тендо Нагато,Корвин,Флэш,-Sally-,Катаямо,Supa,Grimmjow
20200228,171506,124434,124113,102592,101841,99664,90159,81474,77442,76640,75563,73512,72577,70007,61921,57649,56927,55992,55143,49197,46398,46196,43331,43291,42868,41800,41367,41252,40645,40356,40230,39473,39349,38056,35910,33718,33361,32988,31331,30520,30317,29497,29447,29010,28942,28929,27937,27592,27522,26870,26526,26233,26158,26028,25438,25325,24689,24646,24526,23440,23282,23182,22158,21708,21319,21245,21201,20970,20870,20269,20197,19953,19278,19007,18581,18548,17533,17028,17023,16744,16578,16487,16473,16222,15694,15531,15411,15376,15083,14639,14181,14180,14105,14060,13855,13056,12842,12799,12608,12535
date,Джирайя,Майто Гай,Uchiha Madara,Shisui,Айзен,AloneInTheDark,Rosich,sensey,Юморист,YuRaN III,Нет,Сайдзо,Мастер ИП,Orochimaru,Rock Lee,Tayuya,Rokyro Rau,Хедин,РИДИК,-Tobi-,Kira,KillerNick,Акабане Карма,misha10x10x,Вулкан,DeYsTrave,Sakata Gintoki,Kirishima Touka,Fludo,Конс,Neji Hyuga,Социопат_мл,_Indra_,Леди ангел,Акасуна но Акира,Trigun,Ога Тацуми,Silf,Vizer fon Ghoul,Учиха Хидате,Freir,Нагато Пейн,Firebug,СОНЯ,Гаара,Konan,ArtiGarPotr,-Uchiha-Artem-,Andara,Гусь,CM Punk,герцогиня,Izaya Orihara,Mikadzuki,треш,_ZeuS_,Торуне,Канеки Учиха,Deathstroke,Pain,Младший Брат,L Lawliet,Garadin,mazumuz,Курама Якумо,Большой Брат,тихиЙ ужаС,Ledi,Сбежавший Учиха,Социопат,Brave,Хичиго Широсаки,zzStop,LoLka 80 lvl,ШикамарУ,Изуки Мидория,Тобирама Сенджу,Г а а р а,Mrak,Кимимаро,Ogawa,Djons,Alukard,Последователь,Mirajane,Пчёлка,~TITAN~,Scifsyyh,~KiLLeR~,_Призрак_,TheJoker,StanLee,Хрустальный Лис,Тендо Нагато,Корвин,Флэш,Катаямо,-Sally-,Supa,Grimmjow
20200229,171560,124484,124162,102641,101904,99747,90207,81521,77472,76684,75563,73512,72577,70007,61921,57649,56974,55992,55143,49197,46447,46196,43331,43291,42868,41800,41367,41252,40645,40356,40230,39473,39349,38056,35929,33718,33361,32988,31378,30520,30317,29497,29447,29010,28996,28942,27937,27592,27566,26870,26526,26233,26158,26074,25438,25325,24689,24646,24526,23440,23282,23182,22158,21708,21348,21290,21201,20970,20870,20269,20197,19953,19278,19007,18581,18548,17533,17055,17023,16744,16578,16492,16473,16222,15694,15531,15411,15376,15083,14639,14181,14180,14105,14088,13855,13088,12844,12842,12608,12535
date,Джирайя,Майто Гай,Uchiha Madara,Shisui,Айзен,AloneInTheDark,Rosich,sensey,Юморист,YuRaN III,Нет,Сайдзо,Мастер ИП,Orochimaru,Rock Lee,Tayuya,Rokyro Rau,Хедин,РИДИК,-Tobi-,Kira,KillerNick,Акабане Карма,misha10x10x,Вулкан,DeYsTrave,Sakata Gintoki,Kirishima Touka,Fludo,Конс,Neji Hyuga,Социопат_мл,_Indra_,Леди ангел,Акасуна но Акира,Trigun,Ога Тацуми,Silf,Vizer fon Ghoul,Учиха Хидате,Freir,Нагато Пейн,Firebug,Гаара,СОНЯ,Konan,ArtiGarPotr,-Uchiha-Artem-,Andara,Гусь,CM Punk,герцогиня,Izaya Orihara,Mikadzuki,треш,_ZeuS_,Торуне,Канеки Учиха,Deathstroke,Pain,Младший Брат,L Lawliet,Garadin,mazumuz,Курама Якумо,Большой Брат,тихиЙ ужаС,Ledi,Сбежавший Учиха,Социопат,Brave,Хичиго Широсаки,zzStop,LoLka 80 lvl,ШикамарУ,Изуки Мидория,Тобирама Сенджу,Г а а р а,Mrak,Кимимаро,Ogawa,Djons,Alukard,Последователь,Mirajane,Пчёлка,~TITAN~,Scifsyyh,~KiLLeR~,_Призрак_,TheJoker,StanLee,Тендо Нагато,Хрустальный Лис,Корвин,Флэш,Катаямо,-Sally-,Supa,Grimmjow
20200301,171613,124533,124196,102689,101948,99794,90272,81557,77540,76695,75563,73512,72577,70007,61921,57649,57018,55992,55143,49197,46489,46196,43331,43291,42868,41800,41367,41252,40671,40356,40230,39473,39349,38056,35988,33718,33361,32988,31429,30520,30317,29497,29447,29035,29010,28942,27937,27592,27581,26870,26526,26233,26158,26122,25438,25325,24689,24646,24526,23440,23282,23182,22158,21708,21385,21333,21201,20970,20870,20269,20197,19953,19278,19007,18581,18548,17567,17113,17023,16744,16578,16531,16473,16248,15694,15531,15411,15376,15083,14639,14181,14180,14148,14105,13855,13122,12885,12842,12608,12535
date,Джирайя,Майто Гай,Uchiha Madara,Shisui,Айзен,AloneInTheDark,Rosich,sensey,Юморист,YuRaN III,Нет,Сайдзо,Мастер ИП,Orochimaru,Rock Lee,Tayuya,Rokyro Rau,Хедин,РИДИК,-Tobi-,Kira,KillerNick,Акабане Карма,misha10x10x,Вулкан,DeYsTrave,Sakata Gintoki,Kirishima Touka,Fludo,Конс,Neji Hyuga,Социопат_мл,_Indra_,Леди ангел,Акасуна но Акира,Trigun,Ога Тацуми,Silf,Vizer fon Ghoul,Учиха Хидате,Freir,Нагато Пейн,Firebug,Гаара,СОНЯ,Konan,ArtiGarPotr,Andara,-Uchiha-Artem-,Гусь,CM Punk,герцогиня,Mikadzuki,Izaya Orihara,треш,_ZeuS_,Торуне,Канеки Учиха,Deathstroke,Pain,Младший Брат,L Lawliet,Garadin,mazumuz,Курама Якумо,Большой Брат,тихиЙ ужаС,Ledi,Сбежавший Учиха,Социопат,Brave,Хичиго Широсаки,zzStop,LoLka 80 lvl,ШикамарУ,Изуки Мидория,Тобирама Сенджу,Г а а р а,Mrak,Кимимаро,Ogawa,Djons,Alukard,Последователь,Mirajane,Пчёлка,~TITAN~,Scifsyyh,~KiLLeR~,_Призрак_,Тендо Нагато,TheJoker,StanLee,Хрустальный Лис,Корвин,Флэш,Катаямо,-Sally-,Supa,Grimmjow
20200302,171666,124585,124261,102738,101993,99839,90301,81608,77588,76695,75563,73512,72577,70007,61921,57649,57063,55992,55143,49197,46490,46196,43331,43291,42868,41800,41367,41252,40692,40356,40230,39473,39372,38056,36047,33718,33361,32988,31470,30520,30317,29497,29447,29049,29010,28942,27937,27619,27592,26870,26526,26233,26163,26158,25438,25325,24689,24646,24526,23440,23282,23182,22158,21708,21399,21362,21201,20970,20870,20269,20197,19953,19278,19007,18581,18548,17569,17155,17023,16744,16578,16571,16473,16282,15694,15531,15411,15376,15083,14639,14192,14181,14180,14105,13855,13164,12897,12842,12608,12535
date,Джирайя,Майто Гай,Uchiha Madara,Shisui,Айзен,AloneInTheDark,Rosich,sensey,Юморист,YuRaN III,Нет,Сайдзо,Мастер ИП,Orochimaru,Rock Lee,Tayuya,Rokyro Rau,Хедин,РИДИК,-Tobi-,Kira,KillerNick,Акабане Карма,misha10x10x,Вулкан,DeYsTrave,Sakata Gintoki,Kirishima Touka,Fludo,Конс,Neji Hyuga,Социопат_мл,_Indra_,Леди ангел,Акасуна но Акира,Trigun,Ога Тацуми,Silf,Vizer fon Ghoul,Учиха Хидате,Freir,Нагато Пейн,Firebug,Гаара,СОНЯ,Konan,ArtiGarPotr,Andara,-Uchiha-Artem-,Гусь,CM Punk,герцогиня,Mikadzuki,Izaya Orihara,треш,_ZeuS_,Торуне,Канеки Учиха,Deathstroke,Pain,Младший Брат,L Lawliet,Garadin,mazumuz,Курама Якумо,Большой Брат,тихиЙ ужаС,Ledi,Сбежавший Учиха,Социопат,Brave,Хичиго Широсаки,zzStop,LoLka 80 lvl,ШикамарУ,Изуки Мидория,Тобирама Сенджу,Г а а р а,Mrak,Кимимаро,Djons,Ogawa,Alukard,Последователь,Mirajane,Пчёлка,~TITAN~,Scifsyyh,~KiLLeR~,_Призрак_,Тендо Нагато,TheJoker,StanLee,Хрустальный Лис,Корвин,Флэш,Катаямо,-Sally-,Supa,Grimmjow
20200303,171719,124633,124323,102785,102047,99879,90362,81652,77620,76695,75664,73512,72577,70007,61921,57649,57104,55992,55143,49197,46504,46196,43331,43291,42868,41800,41367,41252,40704,40356,40230,39473,39394,38056,36102,33718,33361,32988,31505,30520,30317,29497,29447,29105,29010,28942,27937,27619,27592,26870,26526,26233,26208,26158,25438,25325,24689,24646,24526,23440,23282,23182,22158,21708,21431,21418,21201,20970,20870,20269,20197,19953,19278,19007,18581,18548,17596,17187,17023,16744,16592,16578,16473,16282,15694,15531,15411,15376,15083,14639,14227,14181,14180,14105,13855,13190,12930,12842,12608,12535
date,Джирайя,Майто Гай,Uchiha Madara,Shisui,Айзен,AloneInTheDark,Rosich,sensey,Юморист,YuRaN III,Нет,Сайдзо,Мастер ИП,Orochimaru,Rock Lee,Tayuya,Rokyro Rau,Хедин,РИДИК,-Tobi-,Kira,KillerNick,Акабане Карма,misha10x10x,Вулкан,DeYsTrave,Sakata Gintoki,Kirishima Touka,Fludo,Конс,Neji Hyuga,Социопат_мл,_Indra_,Леди ангел,Акасуна но Акира,Trigun,Ога Тацуми,Silf,Vizer fon Ghoul,Учиха Хидате,Freir,Нагато Пейн,Firebug,Гаара,СОНЯ,Konan,ArtiGarPotr,Andara,-Uchiha-Artem-,Гусь,CM Punk,Mikadzuki,герцогиня,Izaya Orihara,треш,_ZeuS_,Торуне,Канеки Учиха,Deathstroke,Pain,Младший Брат,L Lawliet,Garadin,mazumuz,Курама Якумо,Большой Брат,тихиЙ ужаС,Ledi,Сбежавший Учиха,Социопат,Brave,Хичиго Широсаки,zzStop,LoLka 80 lvl,ШикамарУ,Изуки Мидория,Тобирама Сенджу,Г а а р а,Mrak,Кимимаро,Djons,Ogawa,Alukard,Последователь,Mirajane,Пчёлка,~TITAN~,Scifsyyh,~KiLLeR~,_Призрак_,Тендо Нагато,TheJoker,StanLee,Хрустальный Лис,Корвин,Флэш,Катаямо,-Sally-,Supa,Grimmjow
20200304,171738,124683,124372,102833,102103,99928,90412,81696,77682,76695,75713,73512,72577,70007,61921,57649,57159,55992,55143,49197,46504,46196,43331,43291,42868,41800,41367,41252,40710,40356,40230,39473,39468,38056,36146,33718,33361,32988,31554,30520,30317,29497,29447,29147,29010,28942,27937,27619,27592,26870,26526,26257,26233,26158,25438,25325,24689,24646,24526,23440,23282,23182,22158,21708,21565,21458,21201,20970,20870,20269,20197,19953,19278,19007,18581,18548,17596,17241,17023,16744,16624,16578,16473,16282,15694,15531,15411,15376,15083,14639,14280,14181,14180,14105,13855,13216,12973,12842,12608,12535
date,Джирайя,Майто Гай,Uchiha Madara,Shisui,Айзен,AloneInTheDark,Rosich,sensey,Юморист,YuRaN III,Нет,Сайдзо,Мастер ИП,Orochimaru,Rock Lee,Tayuya,Rokyro Rau,Хедин,РИДИК,-Tobi-,Kira,KillerNick,Акабане Карма,misha10x10x,Вулкан,DeYsTrave,Sakata Gintoki,Kirishima Touka,Fludo,Конс,Neji Hyuga,Социопат_мл,_Indra_,Леди ангел,Акасуна но Акира,Trigun,Ога Тацуми,Silf,Vizer fon Ghoul,Учиха Хидате,Freir,Нагато Пейн,Firebug,Гаара,СОНЯ,Konan,ArtiGarPotr,Andara,-Uchiha-Artem-,Гусь,CM Punk,Mikadzuki,герцогиня,Izaya Orihara,треш,_ZeuS_,Торуне,Канеки Учиха,Deathstroke,Pain,Младший Брат,L Lawliet,Garadin,mazumuz,Курама Якумо,Большой Брат,тихиЙ ужаС,Ledi,Сбежавший Учиха,Социопат,Brave,Хичиго Широсаки,zzStop,LoLka 80 lvl,ШикамарУ,Изуки Мидория,Тобирама Сенджу,Г а а р а,Mrak,Кимимаро,Djons,Ogawa,Alukard,Последователь,Mirajane,Пчёлка,~TITAN~,Scifsyyh,~KiLLeR~,_Призрак_,Тендо Нагато,TheJoker,StanLee,Хрустальный Лис,Корвин,Флэш,Катаямо,-Sally-,Supa,Grimmjow
20200305,171829,124732,124404,102878,102157,99969,90466,81740,77731,76695,75713,73512,72577,70007,61921,57649,57203,55992,55143,49197,46504,46196,43331,43291,42868,41800,41367,41252,40712,40356,40230,39473,39468,38056,36190,33718,33361,32988,31592,30520,30317,29497,29447,29196,29010,28942,27937,27619,27592,26870,26526,26257,26233,26158,25438,25325,24689,24646,24526,23440,23282,23182,22158,21708,21584,21496,21201,20970,20870,20269,20197,19953,19278,19007,18581,18548,17628,17285,17023,16744,16657,16578,16473,16282,15694,15531,15411,15376,15083,14639,14324,14181,14180,14105,13855,13252,13005,12842,12608,12535
date,Джирайя,Майто Гай,Uchiha Madara,Shisui,Айзен,AloneInTheDark,Rosich,sensey,Юморист,YuRaN III,Нет,Сайдзо,Мастер ИП,Orochimaru,Rock Lee,Tayuya,Rokyro Rau,Хедин,РИДИК,-Tobi-,Kira,KillerNick,Акабане Карма,misha10x10x,Вулкан,DeYsTrave,Sakata Gintoki,Kirishima Touka,Fludo,Конс,Neji Hyuga,_Indra_,Социопат_мл,Леди ангел,Акасуна но Акира,Trigun,Ога Тацуми,Silf,Vizer fon Ghoul,Учиха Хидате,Freir,Нагато Пейн,Firebug,Гаара,СОНЯ,Konan,ArtiGarPotr,Andara,-Uchiha-Artem-,Гусь,CM Punk,Mikadzuki,герцогиня,Izaya Orihara,треш,_ZeuS_,Торуне,Канеки Учиха,Deathstroke,Pain,Младший Брат,L Lawliet,Garadin,mazumuz,Курама Якумо,Большой Брат,тихиЙ ужаС,Ledi,Сбежавший Учиха,Социопат,Brave,Хичиго Широсаки,zzStop,LoLka 80 lvl,ШикамарУ,Изуки Мидория,Тобирама Сенджу,Г а а р а,Mrak,Кимимаро,Djons,Ogawa,Alukard,Последователь,Mirajane,Пчёлка,~TITAN~,Scifsyyh,~KiLLeR~,_Призрак_,Тендо Нагато,TheJoker,StanLee,Хрустальный Лис,Корвин,Флэш,Катаямо,-Sally-,Supa,Grimmjow
20200306,171883,124782,124472,102926,102205,100012,90523,81786,77764,76697,75713,73512,72577,70007,61921,57649,57251,55992,55143,49197,46504,46196,43331,43291,42868,41800,41367,41252,40712,40356,40230,39536,39473,38056,36235,33718,33361,32988,31625,30520,30317,29497,29447,29239,29010,28942,27937,27619,27592,26870,26526,26307,26233,26158,25438,25325,24689,24646,24526,23440,23282,23182,22158,21708,21615,21537,21201,20970,20870,20269,20197,19953,19278,19007,18581,18548,17640,17327,17023,16744,16688,16578,16473,16282,15694,15531,15411,15376,15083,14639,14369,14181,14180,14105,13855,13278,13049,12842,12608,12535
date,Джирайя,Майто Гай,Uchiha Madara,Shisui,Айзен,AloneInTheDark,Rosich,sensey,Юморист,YuRaN III,Нет,Сайдзо,Мастер ИП,Orochimaru,Rock Lee,Tayuya,Rokyro Rau,Хедин,РИДИК,-Tobi-,Kira,KillerNick,Акабане Карма,misha10x10x,Вулкан,DeYsTrave,Sakata Gintoki,Kirishima Touka,Fludo,Конс,Neji Hyuga,_Indra_,Социопат_мл,Леди ангел,Акасуна но Акира,Trigun,Ога Тацуми,Silf,Vizer fon Ghoul,Учиха Хидате,Freir,Нагато Пейн,Firebug,Гаара,СОНЯ,Konan,ArtiGarPotr,Andara,-Uchiha-Artem-,Гусь,CM Punk,Mikadzuki,герцогиня,Izaya Orihara,треш,_ZeuS_,Торуне,Канеки Учиха,Deathstroke,Pain,Младший Брат,L Lawliet,Garadin,mazumuz,Курама Якумо,Большой Брат,тихиЙ ужаС,Ledi,Сбежавший Учиха,Социопат,Brave,Хичиго Широсаки,zzStop,LoLka 80 lvl,ШикамарУ,Изуки Мидория,Тобирама Сенджу,Г а а р а,Mrak,Кимимаро,Djons,Ogawa,Alukard,Последователь,Mirajane,Пчёлка,~TITAN~,Scifsyyh,~KiLLeR~,_Призрак_,Тендо Нагато,TheJoker,StanLee,Хрустальный Лис,Корвин,Флэш,Катаямо,-Sally-,Supa,Grimmjow
20200307,171938,124831,124492,102974,102258,100074,90559,81831,77815,76697,75713,73512,72577,70007,61921,57649,57298,55992,55143,49197,46504,46196,43331,43291,42868,41800,41367,41252,40712,40356,40230,39595,39473,38056,36297,33718,33361,32988,31682,30520,30317,29497,29447,29280,29010,28942,27937,27619,27592,26870,26526,26351,26233,26158,25438,25325,24689,24646,24526,23440,23282,23182,22158,21708,21661,21569,21201,20970,20870,20269,20197,19953,19278,19007,18581,18548,17661,17370,17023,16744,16713,16578,16473,16282,15694,15531,15411,15377,15083,14639,14413,14181,14180,14105,13855,13278,13093,12842,12608,12535
date,Джирайя,Майто Гай,Uchiha Madara,Shisui,Айзен,AloneInTheDark,Rosich,sensey,Юморист,YuRaN III,Нет,Сайдзо,Мастер ИП,Orochimaru,Rock Lee,Tayuya,Rokyro Rau,Хедин,РИДИК,-Tobi-,Kira,KillerNick,Акабане Карма,misha10x10x,Вулкан,DeYsTrave,Sakata Gintoki,Kirishima Touka,Fludo,Конс,Neji Hyuga,_Indra_,Социопат_мл,Леди ангел,Акасуна но Акира,Trigun,Ога Тацуми,Silf,Vizer fon Ghoul,Учиха Хидате,Freir,Нагато Пейн,Firebug,Гаара,СОНЯ,Konan,ArtiGarPotr,Andara,-Uchiha-Artem-,Гусь,CM Punk,Mikadzuki,герцогиня,Izaya Orihara,треш,_ZeuS_,Торуне,Канеки Учиха,Deathstroke,Pain,Младший Брат,L Lawliet,Garadin,mazumuz,Курама Якумо,Большой Брат,тихиЙ ужаС,Ledi,Сбежавший Учиха,Социопат,Brave,Хичиго Широсаки,zzStop,LoLka 80 lvl,ШикамарУ,Изуки Мидория,Тобирама Сенджу,Г а а р а,Mrak,Djons,Кимимаро,Ogawa,Alukard,Последователь,Mirajane,Пчёлка,~TITAN~,Scifsyyh,~KiLLeR~,_Призрак_,Тендо Нагато,TheJoker,StanLee,Хрустальный Лис,Корвин,Флэш,Катаямо,-Sally-,Supa,Grimmjow
20200308,171946,124881,124540,103023,102275,100159,90609,81875,77881,76697,75713,73512,72577,70007,61921,57649,57343,55992,55143,49197,46520,46196,43331,43291,42868,41800,41367,41252,40721,40356,40230,39618,39473,38056,36368,33718,33361,32988,31709,30520,30317,29497,29479,29280,29010,28942,27937,27638,27592,26870,26526,26397,26233,26158,25438,25325,24689,24646,24526,23440,23282,23182,22158,21708,21707,21605,21201,20970,20870,20269,20197,19953,19278,19007,18581,18548,17679,17414,17023,16770,16744,16578,16473,16330,15694,15531,15411,15377,15083,14639,14456,14181,14180,14105,13855,13278,13137,12842,12608,12535
date,Джирайя,Майто Гай,Uchiha Madara,Shisui,Айзен,AloneInTheDark,Rosich,sensey,Юморист,YuRaN III,Нет,Сайдзо,Мастер ИП,Orochimaru,Rock Lee,Tayuya,Rokyro Rau,Хедин,РИДИК,-Tobi-,Kira,KillerNick,Акабане Карма,misha10x10x,Вулкан,DeYsTrave,Sakata Gintoki,Kirishima Touka,Fludo,Конс,Neji Hyuga,_Indra_,Социопат_мл,Леди ангел,Акасуна но Акира,Trigun,Ога Тацуми,Silf,Vizer fon Ghoul,Учиха Хидате,Freir,Firebug,Нагато Пейн,Гаара,СОНЯ,Konan,ArtiGarPotr,Andara,-Uchiha-Artem-,Гусь,CM Punk,Mikadzuki,герцогиня,Izaya Orihara,треш,_ZeuS_,Торуне,Канеки Учиха,Deathstroke,Pain,Младший Брат,L Lawliet,Garadin,Курама Якумо,mazumuz,Большой Брат,тихиЙ ужаС,Ledi,Сбежавший Учиха,Социопат,Brave,Хичиго Широсаки,zzStop,LoLka 80 lvl,ШикамарУ,Изуки Мидория,Тобирама Сенджу,Г а а р а,Mrak,Djons,Кимимаро,Ogawa,Alukard,Последователь,Mirajane,Пчёлка,~TITAN~,Scifsyyh,~KiLLeR~,_Призрак_,Тендо Нагато,TheJoker,StanLee,Хрустальный Лис,Корвин,Флэш,Катаямо,-Sally-,Supa,Grimmjow
20200309,171946,124929,124605,103072,102357,100210,90657,81921,77895,76697,75713,73512,72577,70007,61921,57649,57438,55992,55143,49197,46607,46196,43331,43291,42868,41800,41367,41252,40754,40356,40230,39655,39473,38056,36432,33718,33361,32988,31769,30520,30317,29524,29497,29280,29010,28942,27937,27638,27592,26870,26526,26397,26233,26158,25438,25325,24689,24646,24526,23440,23282,23182,22158,21745,21708,21629,21201,20970,20870,20269,20197,19953,19278,19007,18581,18548,17702,17456,17023,16827,16744,16578,16473,16343,15694,15531,15411,15377,15083,14639,14501,14181,14180,14105,13855,13322,13138,12842,12608,12535
date,Джирайя,Майто Гай,Uchiha Madara,Shisui,Айзен,AloneInTheDark,Rosich,sensey,Юморист,YuRaN III,Нет,Сайдзо,Мастер ИП,Orochimaru,Rock Lee,Tayuya,Rokyro Rau,Хедин,РИДИК,-Tobi-,Kira,KillerNick,Акабане Карма,misha10x10x,Вулкан,DeYsTrave,Sakata Gintoki,Kirishima Touka,Fludo,Конс,Neji Hyuga,_Indra_,Социопат_мл,Леди ангел,Акасуна но Акира,Trigun,Ога Тацуми,Silf,Vizer fon Ghoul,Учиха Хидате,Freir,Firebug,Нагато Пейн,Гаара,СОНЯ,Konan,ArtiGarPotr,Andara,-Uchiha-Artem-,Гусь,CM Punk,Mikadzuki,герцогиня,Izaya Orihara,треш,_ZeuS_,Торуне,Канеки Учиха,Deathstroke,Pain,Младший Брат,L Lawliet,Garadin,Курама Якумо,mazumuz,Большой Брат,тихиЙ ужаС,Ledi,Сбежавший Учиха,Социопат,Brave,Хичиго Широсаки,zzStop,LoLka 80 lvl,ШикамарУ,Изуки Мидория,Тобирама Сенджу,Г а а р а,Mrak,Djons,Кимимаро,Ogawa,Alukard,Последователь,Mirajane,Пчёлка,~TITAN~,Scifsyyh,~KiLLeR~,_Призрак_,Тендо Нагато,TheJoker,StanLee,Хрустальный Лис,Корвин,Флэш,Катаямо,-Sally-,Supa,Grimmjow
20200310,171946,124978,124642,103121,102406,100255,90810,81966,77978,76697,75713,73512,72684,70007,61921,57649,57484,55992,55143,49197,46607,46196,43331,43291,42868,41800,41367,41252,40764,40356,40230,39731,39473,38056,36498,33718,33361,32988,31822,30520,30317,29524,29497,29280,29010,28942,27937,27638,27592,26870,26526,26439,26233,26158,25438,25325,24689,24646,24526,23440,23282,23182,22158,21745,21708,21651,21201,20970,20870,20269,20197,19953,19278,19007,18581,18548,17740,17500,17023,16845,16744,16578,16473,16343,15694,15531,15411,15377,15083,14639,14544,14181,14180,14105,13855,13379,13138,12842,12608,12535
date,Джирайя,Майто Гай,Uchiha Madara,Shisui,Айзен,AloneInTheDark,Rosich,sensey,Юморист,YuRaN III,Нет,Сайдзо,Мастер ИП,Orochimaru,Rock Lee,Tayuya,Rokyro Rau,Хедин,РИДИК,-Tobi-,Kira,KillerNick,Акабане Карма,misha10x10x,Вулкан,DeYsTrave,Sakata Gintoki,Kirishima Touka,Fludo,Конс,Neji Hyuga,_Indra_,Социопат_мл,Леди ангел,Акасуна но Акира,Trigun,Ога Тацуми,Silf,Vizer fon Ghoul,Учиха Хидате,Freir,Firebug,Нагато Пейн,Гаара,СОНЯ,Konan,ArtiGarPotr,Andara,-Uchiha-Artem-,Гусь,CM Punk,Mikadzuki,герцогиня,Izaya Orihara,треш,_ZeuS_,Торуне,Канеки Учиха,Deathstroke,Pain,Младший Брат,L Lawliet,Garadin,Курама Якумо,mazumuz,Большой Брат,тихиЙ ужаС,Ledi,Сбежавший Учиха,Социопат,Brave,Хичиго Широсаки,zzStop,LoLka 80 lvl,ШикамарУ,Изуки Мидория,Тобирама Сенджу,Г а а р а,Mrak,Djons,Кимимаро,Ogawa,Alukard,Последователь,Mirajane,Пчёлка,~TITAN~,Scifsyyh,~KiLLeR~,_Призрак_,Тендо Нагато,TheJoker,StanLee,Хрустальный Лис,Корвин,Флэш,Катаямо,-Sally-,Supa,Grimmjow
20200311,171946,125027,124686,103168,102457,100292,90857,82011,78013,76697,75713,73512,72793,70007,61921,57649,57530,55992,55143,49197,46608,46196,43331,43291,42868,41800,41367,41252,40764,40356,40230,39770,39473,38056,36545,33718,33361,32988,31894,30520,30317,29524,29497,29280,29010,28942,27937,27638,27592,26870,26526,26439,26233,26158,25438,25325,24689,24646,24526,23440,23282,23182,22158,21745,21708,21702,21201,20970,20870,20269,20197,19953,19278,19007,18581,18548,17747,17542,17023,16845,16744,16578,16473,16343,15694,15531,15411,15377,15083,14639,14588,14181,14180,14105,13855,13418,13138,12842,12608,12535
date,Джирайя,Майто Гай,Uchiha Madara,Shisui,Айзен,AloneInTheDark,Rosich,sensey,Юморист,YuRaN III,Нет,Сайдзо,Мастер ИП,Orochimaru,Rock Lee,Tayuya,Rokyro Rau,Хедин,РИДИК,-Tobi-,Kira,KillerNick,Акабане Карма,misha10x10x,Вулкан,DeYsTrave,Sakata Gintoki,Kirishima Touka,Fludo,Конс,Neji Hyuga,_Indra_,Социопат_мл,Леди ангел,Акасуна но Акира,Trigun,Ога Тацуми,Silf,Vizer fon Ghoul,Учиха Хидате,Freir,Firebug,Нагато Пейн,Гаара,СОНЯ,Konan,ArtiGarPotr,Andara,-Uchiha-Artem-,Гусь,CM Punk,Mikadzuki,герцогиня,Izaya Orihara,треш,_ZeuS_,Торуне,Канеки Учиха,Deathstroke,Pain,Младший Брат,L Lawliet,Garadin,Большой Брат,Курама Якумо,mazumuz,тихиЙ ужаС,Ledi,Сбежавший Учиха,Социопат,Brave,Хичиго Широсаки,zzStop,LoLka 80 lvl,ШикамарУ,Изуки Мидория,Тобирама Сенджу,Г а а р а,Mrak,Djons,Кимимаро,Ogawa,Alukard,Последователь,Mirajane,Пчёлка,~TITAN~,Scifsyyh,~KiLLeR~,_Призрак_,Тендо Нагато,TheJoker,StanLee,Хрустальный Лис,Корвин,Флэш,Катаямо,-Sally-,Supa,Grimmjow
20200312,171946,125076,124749,103215,102505,100344,90911,82056,78078,76697,75713,73512,72869,70007,61921,57649,57578,55992,55143,49197,46608,46196,43331,43291,42868,41800,41367,41252,40764,40356,40230,39824,39473,38056,36581,33718,33361,32988,31922,30520,30317,29524,29497,29280,29010,28942,27937,27638,27592,26870,26526,26439,26233,26158,25438,25325,24689,24646,24526,23440,23282,23182,22158,21756,21745,21708,21201,20970,20870,20269,20197,19953,19278,19007,18581,18548,17799,17582,17023,16845,16744,16578,16473,16343,15694,15531,15411,15377,15083,14639,14632,14181,14180,14105,13855,13443,13138,12842,12608,12535
date,Джирайя,Майто Гай,Uchiha Madara,Shisui,Айзен,AloneInTheDark,Rosich,sensey,Юморист,YuRaN III,Нет,Сайдзо,Мастер ИП,Orochimaru,Rock Lee,Tayuya,Rokyro Rau,Хедин,РИДИК,-Tobi-,Kira,KillerNick,Акабане Карма,misha10x10x,Вулкан,DeYsTrave,Sakata Gintoki,Kirishima Touka,Fludo,Конс,Neji Hyuga,_Indra_,Социопат_мл,Леди ангел,Акасуна но Акира,Trigun,Ога Тацуми,Silf,Vizer fon Ghoul,Учиха Хидате,Freir,Firebug,Нагато Пейн,Гаара,СОНЯ,Konan,ArtiGarPotr,Andara,-Uchiha-Artem-,Гусь,CM Punk,Mikadzuki,герцогиня,Izaya Orihara,треш,_ZeuS_,Торуне,Канеки Учиха,Deathstroke,Pain,Младший Брат,L Lawliet,Garadin,Большой Брат,Курама Якумо,mazumuz,тихиЙ ужаС,Ledi,Сбежавший Учиха,Социопат,Brave,Хичиго Широсаки,zzStop,LoLka 80 lvl,ШикамарУ,Изуки Мидория,Тобирама Сенджу,Г а а р а,Mrak,Djons,Кимимаро,Ogawa,Alukard,Последователь,Mirajane,Пчёлка,~TITAN~,Scifsyyh,~KiLLeR~,Тендо Нагато,_Призрак_,TheJoker,StanLee,Хрустальный Лис,Корвин,Флэш,Катаямо,-Sally-,Supa,Grimmjow
20200313,171946,125125,124786,103263,102559,100388,90958,82100,78110,76697,75713,73512,72907,70007,61921,57649,57605,55992,55143,49197,46608,46196,43331,43291,42868,41800,41367,41252,40764,40356,40230,39861,39473,38056,36632,33718,33361,32988,31984,30520,30317,29524,29497,29280,29010,28942,27937,27638,27592,26870,26526,26472,26233,26158,25438,25325,24689,24646,24526,23440,23282,23182,22158,21807,21745,21708,21201,20970,20870,20269,20197,19953,19278,19007,18581,18548,17811,17626,17023,16845,16744,16578,16473,16343,15694,15531,15411,15377,15083,14676,14639,14181,14180,14105,13855,13473,13138,12842,12608,12535
date,Джирайя,Майто Гай,Uchiha Madara,Shisui,Айзен,AloneInTheDark,Rosich,sensey,Юморист,YuRaN III,Нет,Сайдзо,Мастер ИП,Orochimaru,Rock Lee,Tayuya,Rokyro Rau,Хедин,РИДИК,-Tobi-,Kira,KillerNick,Акабане Карма,misha10x10x,Вулкан,DeYsTrave,Sakata Gintoki,Kirishima Touka,Fludo,Конс,Neji Hyuga,_Indra_,Социопат_мл,Леди ангел,Акасуна но Акира,Trigun,Ога Тацуми,Silf,Vizer fon Ghoul,Учиха Хидате,Freir,Firebug,Нагато Пейн,Гаара,СОНЯ,Konan,ArtiGarPotr,Andara,-Uchiha-Artem-,Гусь,CM Punk,Mikadzuki,герцогиня,Izaya Orihara,треш,_ZeuS_,Торуне,Канеки Учиха,Deathstroke,Pain,Младший Брат,L Lawliet,Garadin,Большой Брат,Курама Якумо,mazumuz,тихиЙ ужаС,Ledi,Сбежавший Учиха,Социопат,Brave,Хичиго Широсаки,zzStop,LoLka 80 lvl,ШикамарУ,Изуки Мидория,Тобирама Сенджу,Г а а р а,Mrak,Djons,Кимимаро,Ogawa,Alukard,Последователь,Mirajane,Пчёлка,~TITAN~,Scifsyyh,~KiLLeR~,Тендо Нагато,_Призрак_,TheJoker,StanLee,Хрустальный Лис,Корвин,Флэш,Катаямо,-Sally-,Supa,Grimmjow
20200314,171978,125154,124835,103312,102608,100416,91004,82145,78160,76697,75713,73512,72907,70007,61921,57649,57646,55992,55143,49197,46608,46196,43331,43291,42868,41800,41367,41252,40764,40356,40230,39862,39473,38056,36683,33718,33361,32988,32018,30520,30317,29524,29497,29280,29010,28942,27937,27638,27592,26870,26526,26525,26233,26158,25438,25325,24689,24646,24526,23440,23282,23182,22158,21855,21745,21708,21201,20970,20870,20269,20197,19953,19278,19007,18581,18548,17845,17670,17023,16845,16744,16578,16473,16343,15694,15531,15411,15377,15083,14721,14639,14181,14180,14105,13855,13518,13138,12842,12608,12535
date,Джирайя,Майто Гай,Uchiha Madara,Shisui,Айзен,AloneInTheDark,Rosich,sensey,Юморист,YuRaN III,Нет,Сайдзо,Мастер ИП,Orochimaru,Rock Lee,Rokyro Rau,Tayuya,Хедин,РИДИК,-Tobi-,Kira,KillerNick,Акабане Карма,misha10x10x,Вулкан,DeYsTrave,Sakata Gintoki,Kirishima Touka,Fludo,Конс,Neji Hyuga,_Indra_,Социопат_мл,Леди ангел,Акасуна но Акира,Trigun,Ога Тацуми,Silf,Vizer fon Ghoul,Учиха Хидате,Freir,Firebug,Нагато Пейн,Гаара,СОНЯ,Konan,ArtiGarPotr,Andara,-Uchiha-Artem-,Гусь,Mikadzuki,CM Punk,герцогиня,Izaya Orihara,треш,_ZeuS_,Торуне,Канеки Учиха,Deathstroke,Pain,Младший Брат,L Lawliet,Garadin,Большой Брат,Курама Якумо,mazumuz,тихиЙ ужаС,Ledi,Сбежавший Учиха,Социопат,Brave,Хичиго Широсаки,zzStop,LoLka 80 lvl,ШикамарУ,Изуки Мидория,Тобирама Сенджу,Г а а р а,Mrak,Djons,Кимимаро,Ogawa,Alukard,Последователь,Mirajane,Пчёлка,~TITAN~,Scifsyyh,~KiLLeR~,Тендо Нагато,_Призрак_,TheJoker,StanLee,Хрустальный Лис,Корвин,Флэш,Катаямо,-Sally-,Supa,Grimmjow
20200315,171978,125154,124891,103334,102649,100485,91060,82171,78225,76697,75713,73512,72907,70007,61921,57699,57649,55992,55143,49197,46608,46196,43331,43291,42868,41800,41367,41252,40764,40356,40230,39862,39473,38056,36728,33718,33361,32988,32065,30520,30317,29524,29497,29280,29010,28942,27937,27638,27592,26870,26568,26526,26233,26158,25438,25325,24689,24646,24526,23440,23282,23182,22158,21904,21745,21708,21201,20970,20870,20269,20197,19953,19278,19007,18581,18548,17849,17698,17023,16845,16744,16578,16473,16343,15694,15531,15411,15377,15083,14750,14639,14181,14180,14105,13855,13535,13138,12842,12608,12535
date,Джирайя,Майто Гай,Uchiha Madara,Shisui,Айзен,AloneInTheDark,Rosich,sensey,Юморист,YuRaN III,Нет,Сайдзо,Мастер ИП,Orochimaru,Rock Lee,Rokyro Rau,Tayuya,Хедин,РИДИК,-Tobi-,Kira,KillerNick,Акабане Карма,misha10x10x,Вулкан,DeYsTrave,Sakata Gintoki,Kirishima Touka,Fludo,Конс,Neji Hyuga,_Indra_,Социопат_мл,Леди ангел,Акасуна но Акира,Trigun,Ога Тацуми,Silf,Vizer fon Ghoul,Учиха Хидате,Freir,Firebug,Нагато Пейн,Гаара,СОНЯ,Konan,ArtiGarPotr,Andara,-Uchiha-Artem-,Гусь,Mikadzuki,CM Punk,герцогиня,Izaya Orihara,треш,_ZeuS_,Торуне,Канеки Учиха,Deathstroke,Pain,Младший Брат,L Lawliet,Garadin,Большой Брат,Курама Якумо,mazumuz,тихиЙ ужаС,Ledi,Сбежавший Учиха,Социопат,Brave,Хичиго Широсаки,zzStop,LoLka 80 lvl,ШикамарУ,Изуки Мидория,Тобирама Сенджу,Г а а р а,Mrak,Djons,Кимимаро,Ogawa,Alukard,Последователь,Mirajane,Пчёлка,~TITAN~,Scifsyyh,~KiLLeR~,Тендо Нагато,_Призрак_,TheJoker,StanLee,Хрустальный Лис,Корвин,Флэш,Катаямо,-Sally-,Supa,Grimmjow
20200316,172040,125154,124926,103334,102713,100529,91119,82234,78276,76697,75713,73512,72907,70007,61921,57744,57649,55992,55143,49197,46608,46196,43331,43291,42868,41800,41367,41252,40764,40356,40230,39862,39473,38056,36772,33718,33361,32988,32098,30520,30317,29524,29497,29280,29010,28942,27937,27638,27592,26870,26653,26526,26233,26158,25438,25325,24689,24646,24526,23440,23282,23182,22162,21941,21745,21708,21201,20970,20870,20269,20197,19953,19278,19007,18581,18548,17849,17755,17023,16845,16744,16578,16473,16343,15694,15531,15411,15377,15083,14808,14639,14181,14180,14105,13855,13541,13138,12842,12608,12535
date,Джирайя,Майто Гай,Uchiha Madara,Shisui,Айзен,AloneInTheDark,Rosich,sensey,Юморист,YuRaN III,Нет,Сайдзо,Мастер ИП,Orochimaru,Rock Lee,Rokyro Rau,Tayuya,Хедин,РИДИК,-Tobi-,Kira,KillerNick,Акабане Карма,misha10x10x,Вулкан,DeYsTrave,Sakata Gintoki,Kirishima Touka,Fludo,Конс,Neji Hyuga,_Indra_,Социопат_мл,Леди ангел,Акасуна но Акира,Trigun,Ога Тацуми,Silf,Vizer fon Ghoul,Учиха Хидате,Freir,Firebug,Нагато Пейн,Гаара,СОНЯ,Konan,ArtiGarPotr,Andara,-Uchiha-Artem-,Гусь,Mikadzuki,CM Punk,герцогиня,Izaya Orihara,треш,_ZeuS_,Торуне,Канеки Учиха,Deathstroke,Pain,Младший Брат,L Lawliet,Garadin,Большой Брат,Курама Якумо,mazumuz,тихиЙ ужаС,Ledi,Сбежавший Учиха,Социопат,Brave,Хичиго Широсаки,zzStop,LoLka 80 lvl,ШикамарУ,Изуки Мидория,Тобирама Сенджу,Г а а р а,Mrak,Djons,Кимимаро,Ogawa,Alukard,Последователь,Mirajane,Пчёлка,~TITAN~,Scifsyyh,~KiLLeR~,Тендо Нагато,_Призрак_,TheJoker,StanLee,Хрустальный Лис,Корвин,Флэш,Катаямо,-Sally-,Supa,Grimmjow
20200317,172083,125239,124981,103378,102743,100573,91168,82264,78311,76697,75713,73512,72907,70007,61921,57788,57649,55992,55143,49197,46608,46196,43331,43291,42868,41800,41367,41252,40764,40356,40230,39862,39473,38056,36810,33718,33361,32988,32165,30520,30317,29524,29497,29329,29010,28942,27937,27638,27592,26870,26701,26526,26233,26158,25438,25325,24689,24646,24526,23440,23282,23182,22166,21985,21750,21708,21201,20970,20870,20269,20197,19953,19278,19007,18581,18548,17867,17778,17023,16845,16744,16578,16473,16343,15694,15531,15411,15377,15083,14833,14639,14181,14180,14105,13855,13563,13138,12842,12608,12535
date,Джирайя,Майто Гай,Uchiha Madara,Shisui,Айзен,AloneInTheDark,Rosich,sensey,Юморист,YuRaN III,Нет,Сайдзо,Мастер ИП,Orochimaru,Rock Lee,Rokyro Rau,Tayuya,Хедин,РИДИК,-Tobi-,Kira,KillerNick,Акабане Карма,misha10x10x,Вулкан,DeYsTrave,Sakata Gintoki,Kirishima Touka,Fludo,Конс,Neji Hyuga,_Indra_,Социопат_мл,Леди ангел,Акасуна но Акира,Trigun,Ога Тацуми,Silf,Vizer fon Ghoul,Учиха Хидате,Freir,Firebug,Нагато Пейн,Гаара,СОНЯ,Konan,ArtiGarPotr,Andara,-Uchiha-Artem-,Гусь,Mikadzuki,CM Punk,герцогиня,Izaya Orihara,треш,_ZeuS_,Торуне,Канеки Учиха,Deathstroke,Pain,Младший Брат,L Lawliet,Garadin,Большой Брат,Курама Якумо,mazumuz,тихиЙ ужаС,Ledi,Сбежавший Учиха,Социопат,Brave,Хичиго Широсаки,zzStop,LoLka 80 lvl,ШикамарУ,Изуки Мидория,Тобирама Сенджу,Г а а р а,Mrak,Djons,Кимимаро,Ogawa,Alukard,Последователь,Mirajane,Пчёлка,~TITAN~,Scifsyyh,~KiLLeR~,Тендо Нагато,_Призрак_,TheJoker,StanLee,Хрустальный Лис,Корвин,Флэш,Катаямо,-Sally-,Supa,Grimmjow
20200318,172137,125287,125030,103456,102801,100603,91225,82324,78377,76697,75713,73512,72924,70007,61921,57846,57649,55992,55143,49197,46608,46196,43331,43291,42868,41800,41367,41252,40764,40356,40230,39862,39473,38056,36810,33718,33361,32988,32188,30520,30317,29524,29497,29368,29010,28942,27937,27638,27592,26870,26745,26526,26233,26158,25438,25325,24689,24646,24526,23440,23282,23182,22166,22020,21756,21708,21201,20970,20870,20269,20197,19953,19278,19007,18581,18548,17895,17778,17023,16845,16744,16578,16473,16343,15694,15531,15411,15377,15083,14833,14639,14181,14180,14105,13855,13575,13138,12842,12608,12535
date,Джирайя,Майто Гай,Uchiha Madara,Shisui,Айзен,AloneInTheDark,Rosich,sensey,Юморист,YuRaN III,Нет,Сайдзо,Мастер ИП,Orochimaru,Rock Lee,Rokyro Rau,Tayuya,Хедин,РИДИК,-Tobi-,Kira,KillerNick,Акабане Карма,misha10x10x,Вулкан,DeYsTrave,Sakata Gintoki,Kirishima Touka,Fludo,Конс,Neji Hyuga,_Indra_,Социопат_мл,Леди ангел,Акасуна но Акира,Trigun,Ога Тацуми,Silf,Vizer fon Ghoul,Учиха Хидате,Freir,Firebug,Нагато Пейн,Гаара,СОНЯ,Konan,ArtiGarPotr,Andara,-Uchiha-Artem-,Гусь,Mikadzuki,CM Punk,герцогиня,Izaya Orihara,треш,_ZeuS_,Торуне,Канеки Учиха,Deathstroke,Pain,Младший Брат,L Lawliet,Garadin,Большой Брат,Курама Якумо,mazumuz,тихиЙ ужаС,Ledi,Сбежавший Учиха,Социопат,Brave,Хичиго Широсаки,zzStop,LoLka 80 lvl,ШикамарУ,Изуки Мидория,Тобирама Сенджу,Г а а р а,Mrak,Djons,Кимимаро,Ogawa,Alukard,Последователь,Mirajane,Пчёлка,~TITAN~,Scifsyyh,~KiLLeR~,Тендо Нагато,_Призрак_,TheJoker,StanLee,Хрустальный Лис,Корвин,Флэш,Катаямо,-Sally-,Supa,Grimmjow
20200319,172139,125337,125085,103503,102841,100659,91278,82339,78424,76697,75713,73512,72936,70007,61921,57892,57649,55992,55143,49197,46609,46196,43331,43291,42868,41800,41367,41252,40764,40356,40230,39862,39473,38056,36810,33718,33361,32988,32223,30520,30317,29524,29497,29426,29010,28942,27937,27638,27592,26870,26790,26526,26233,26158,25438,25325,24689,24646,24526,23440,23282,23182,22166,22068,21761,21708,21201,20970,20870,20269,20197,19953,19278,19007,18581,18548,17895,17778,17023,16845,16744,16578,16473,16343,15694,15531,15411,15377,15083,14833,14639,14181,14180,14105,13855,13575,13138,12842,12608,12535
date,Джирайя,Майто Гай,Uchiha Madara,Shisui,Айзен,AloneInTheDark,Rosich,sensey,Юморист,YuRaN III,Нет,Сайдзо,Мастер ИП,Orochimaru,Rock Lee,Rokyro Rau,Tayuya,Хедин,РИДИК,-Tobi-,Kira,KillerNick,Акабане Карма,misha10x10x,Вулкан,DeYsTrave,Sakata Gintoki,Kirishima Touka,Fludo,Конс,Neji Hyuga,_Indra_,Социопат_мл,Леди ангел,Акасуна но Акира,Trigun,Ога Тацуми,Silf,Vizer fon Ghoul,Учиха Хидате,Freir,Firebug,Нагато Пейн,Гаара,СОНЯ,Konan,ArtiGarPotr,Andara,-Uchiha-Artem-,Mikadzuki,Гусь,CM Punk,герцогиня,Izaya Orihara,треш,_ZeuS_,Торуне,Канеки Учиха,Deathstroke,Pain,Младший Брат,L Lawliet,Garadin,Большой Брат,Курама Якумо,mazumuz,тихиЙ ужаС,Ledi,Сбежавший Учиха,Социопат,Brave,Хичиго Широсаки,zzStop,LoLka 80 lvl,ШикамарУ,Изуки Мидория,Тобирама Сенджу,Г а а р а,Mrak,Djons,Кимимаро,Ogawa,Alukard,Последователь,Mirajane,Пчёлка,~TITAN~,Scifsyyh,~KiLLeR~,Тендо Нагато,_Призрак_,TheJoker,StanLee,Хрустальный Лис,Корвин,Флэш,Катаямо,-Sally-,Supa,Grimmjow
20200320,172209,125384,125154,103551,102893,100709,91316,82412,78456,76697,75713,73512,72936,70007,61921,57939,57649,55992,55143,49197,46609,46196,43331,43291,42868,41800,41367,41252,40764,40356,40230,39862,39473,38056,36810,33718,33361,32988,32263,30520,30317,29524,29497,29426,29010,28942,27937,27638,27592,26883,26870,26526,26233,26158,25438,25325,24689,24646,24526,23440,23282,23182,22166,22098,21761,21708,21201,20970,20870,20269,20197,19953,19278,19007,18581,18548,17895,17778,17023,16845,16744,16578,16473,16343,15694,15531,15411,15377,15083,14833,14639,14181,14180,14105,13855,13615,13138,12842,12608,12535
date,Джирайя,Майто Гай,Uchiha Madara,Shisui,Айзен,AloneInTheDark,Rosich,sensey,Юморист,YuRaN III,Нет,Сайдзо,Мастер ИП,Orochimaru,Rock Lee,Rokyro Rau,Tayuya,Хедин,РИДИК,-Tobi-,Kira,KillerNick,Акабане Карма,misha10x10x,Вулкан,DeYsTrave,Sakata Gintoki,Kirishima Touka,Fludo,Конс,Neji Hyuga,_Indra_,Социопат_мл,Леди ангел,Акасуна но Акира,Trigun,Ога Тацуми,Silf,Vizer fon Ghoul,Учиха Хидате,Freir,Firebug,Нагато Пейн,Гаара,СОНЯ,Konan,ArtiGarPotr,Andara,-Uchiha-Artem-,Mikadzuki,Гусь,CM Punk,герцогиня,Izaya Orihara,треш,_ZeuS_,Торуне,Канеки Учиха,Deathstroke,Pain,Младший Брат,L Lawliet,Garadin,Большой Брат,Курама Якумо,mazumuz,тихиЙ ужаС,Ledi,Сбежавший Учиха,Социопат,Brave,Хичиго Широсаки,zzStop,LoLka 80 lvl,ШикамарУ,Изуки Мидория,Тобирама Сенджу,Г а а р а,Mrak,Djons,Кимимаро,Ogawa,Alukard,Последователь,Mirajane,Пчёлка,~TITAN~,Scifsyyh,~KiLLeR~,Тендо Нагато,_Призрак_,TheJoker,StanLee,Хрустальный Лис,Корвин,Флэш,Катаямо,-Sally-,Supa,Grimmjow
20200321,172263,125435,125183,103589,102940,100760,91355,82456,78523,76697,75713,73512,72936,70007,61921,57986,57649,55992,55143,49197,46609,46196,43331,43291,42868,41800,41367,41252,40764,40356,40230,39862,39473,38056,36810,33718,33361,32988,32310,30520,30317,29524,29497,29475,29010,28942,27937,27638,27592,26883,26870,26526,26233,26158,25438,25325,24689,24646,24526,23440,23282,23182,22166,22148,21761,21708,21201,20970,20870,20269,20197,19953,19278,19007,18581,18548,17895,17778,17023,16845,16744,16578,16473,16343,15694,15531,15411,15377,15083,14833,14639,14181,14180,14105,13855,13646,13138,12842,12608,12535
date,Джирайя,Майто Гай,Uchiha Madara,Shisui,Айзен,AloneInTheDark,Rosich,sensey,Юморист,YuRaN III,Нет,Сайдзо,Мастер ИП,Orochimaru,Rock Lee,Rokyro Rau,Tayuya,Хедин,РИДИК,-Tobi-,Kira,KillerNick,Акабане Карма,misha10x10x,Вулкан,DeYsTrave,Sakata Gintoki,Kirishima Touka,Fludo,Конс,Neji Hyuga,_Indra_,Социопат_мл,Леди ангел,Акасуна но Акира,Trigun,Ога Тацуми,Silf,Vizer fon Ghoul,Учиха Хидате,Freir,Гаара,Firebug,Нагато Пейн,СОНЯ,Konan,ArtiGarPotr,Andara,-Uchiha-Artem-,Mikadzuki,Гусь,CM Punk,герцогиня,Izaya Orihara,треш,_ZeuS_,Торуне,Канеки Учиха,Deathstroke,Pain,Младший Брат,L Lawliet,Большой Брат,Garadin,Курама Якумо,mazumuz,тихиЙ ужаС,Ledi,Сбежавший Учиха,Социопат,Brave,Хичиго Широсаки,zzStop,LoLka 80 lvl,ШикамарУ,Изуки Мидория,Тобирама Сенджу,Г а а р а,Mrak,Djons,Кимимаро,Ogawa,Alukard,Последователь,Mirajane,Пчёлка,~TITAN~,Scifsyyh,~KiLLeR~,Тендо Нагато,_Призрак_,TheJoker,StanLee,Хрустальный Лис,Корвин,Флэш,Катаямо,-Sally-,Supa,Grimmjow
20200322,172324,125483,125228,103589,102985,100806,91408,82501,78550,76697,75713,73512,72990,70007,61921,58031,57649,55992,55143,49197,46609,46196,43331,43291,42868,41800,41367,41252,40764,40356,40230,39862,39473,38056,36810,33718,33361,32988,32373,30520,30317,29526,29524,29497,29010,28942,27937,27638,27592,26930,26870,26526,26233,26158,25438,25325,24689,24646,24526,23440,23282,23182,22200,22166,21761,21708,21201,20970,20870,20269,20197,19953,19278,19007,18581,18548,17895,17778,17023,16845,16744,16578,16473,16343,15694,15531,15411,15377,15083,14833,14639,14181,14180,14105,13855,13663,13138,12842,12608,12535
date,Джирайя,Майто Гай,Uchiha Madara,Shisui,Айзен,AloneInTheDark,Rosich,sensey,Юморист,YuRaN III,Нет,Сайдзо,Мастер ИП,Orochimaru,Rock Lee,Rokyro Rau,Tayuya,Хедин,РИДИК,-Tobi-,Kira,KillerNick,Акабане Карма,misha10x10x,Вулкан,DeYsTrave,Sakata Gintoki,Kirishima Touka,Fludo,Конс,Neji Hyuga,_Indra_,Социопат_мл,Леди ангел,Акасуна но Акира,Trigun,Ога Тацуми,Silf,Vizer fon Ghoul,Учиха Хидате,Freir,Гаара,Firebug,Нагато Пейн,СОНЯ,Konan,ArtiGarPotr,Andara,-Uchiha-Artem-,Mikadzuki,Гусь,CM Punk,герцогиня,Izaya Orihara,треш,_ZeuS_,Торуне,Канеки Учиха,Deathstroke,Pain,Младший Брат,L Lawliet,Большой Брат,Garadin,Курама Якумо,mazumuz,тихиЙ ужаС,Ledi,Сбежавший Учиха,Социопат,Brave,Хичиго Широсаки,zzStop,LoLka 80 lvl,ШикамарУ,Изуки Мидория,Тобирама Сенджу,Г а а р а,Mrak,Djons,Кимимаро,Ogawa,Alukard,Последователь,Mirajane,Пчёлка,~TITAN~,Scifsyyh,~KiLLeR~,Тендо Нагато,_Призрак_,TheJoker,StanLee,Хрустальный Лис,Корвин,Флэш,Катаямо,-Sally-,Supa,Grimmjow
20200323,172366,125518,125228,103589,103008,100852,91449,82545,78601,76697,75713,73512,73021,70007,61921,58077,57649,55992,55143,49197,46609,46196,43331,43291,42868,41800,41367,41252,40764,40356,40230,39862,39473,38056,36810,33718,33361,32988,32411,30520,30317,29567,29524,29497,29010,28942,27937,27638,27592,27023,26870,26526,26233,26158,25438,25325,24691,24646,24526,23440,23282,23182,22224,22166,21761,21708,21201,20970,20870,20269,20197,19953,19278,19007,18581,18548,17895,17778,17023,16845,16744,16578,16473,16343,15694,15531,15411,15377,15083,14833,14639,14181,14180,14105,13855,13683,13138,12842,12608,12535
date,Джирайя,Майто Гай,Uchiha Madara,Shisui,Айзен,AloneInTheDark,Rosich,sensey,Юморист,YuRaN III,Нет,Сайдзо,Мастер ИП,Orochimaru,Rock Lee,Rokyro Rau,Tayuya,Хедин,РИДИК,-Tobi-,Kira,KillerNick,Акабане Карма,misha10x10x,Вулкан,DeYsTrave,Sakata Gintoki,Kirishima Touka,Fludo,Конс,Neji Hyuga,_Indra_,Социопат_мл,Леди ангел,Акасуна но Акира,Trigun,Ога Тацуми,Silf,Vizer fon Ghoul,Учиха Хидате,Freir,Гаара,Firebug,Нагато Пейн,СОНЯ,Konan,ArtiGarPotr,Andara,-Uchiha-Artem-,Mikadzuki,Гусь,CM Punk,герцогиня,Izaya Orihara,треш,_ZeuS_,Торуне,Канеки Учиха,Deathstroke,Pain,Младший Брат,L Lawliet,Большой Брат,Garadin,Курама Якумо,mazumuz,тихиЙ ужаС,Ledi,Сбежавший Учиха,Социопат,Brave,Хичиго Широсаки,zzStop,LoLka 80 lvl,ШикамарУ,Изуки Мидория,Тобирама Сенджу,Г а а р а,Mrak,Djons,Кимимаро,Ogawa,Alukard,Последователь,Mirajane,Пчёлка,~TITAN~,Scifsyyh,~KiLLeR~,Тендо Нагато,_Призрак_,TheJoker,StanLee,Хрустальный Лис,Корвин,Флэш,Катаямо,-Sally-,Supa,Grimmjow
20200324,172431,125583,125228,103679,103086,100896,91514,82587,78656,76697,75713,73512,73021,70007,61921,58107,57649,55992,55143,49197,46609,46196,43331,43291,42868,41800,41367,41252,40764,40356,40230,39862,39473,38056,36810,33718,33361,32988,32443,30520,30317,29620,29524,29497,29010,28942,27937,27638,27592,27023,26870,26526,26233,26158,25438,25325,24691,24646,24526,23440,23282,23182,22268,22166,21761,21708,21201,20970,20870,20269,20197,19953,19278,19007,18581,18549,17895,17778,17023,16845,16744,16578,16473,16343,15694,15531,15411,15377,15083,14833,14639,14181,14180,14105,13855,13707,13138,12842,12608,12535
date,Джирайя,Майто Гай,Uchiha Madara,Shisui,Айзен,AloneInTheDark,Rosich,sensey,Юморист,YuRaN III,Нет,Сайдзо,Мастер ИП,Orochimaru,Rock Lee,Rokyro Rau,Tayuya,Хедин,РИДИК,-Tobi-,Kira,KillerNick,Акабане Карма,misha10x10x,Вулкан,DeYsTrave,Sakata Gintoki,Kirishima Touka,Fludo,Конс,Neji Hyuga,_Indra_,Социопат_мл,Леди ангел,Акасуна но Акира,Trigun,Ога Тацуми,Silf,Vizer fon Ghoul,Учиха Хидате,Freir,Гаара,Firebug,Нагато Пейн,СОНЯ,Konan,ArtiGarPotr,Andara,-Uchiha-Artem-,Mikadzuki,Гусь,CM Punk,герцогиня,Izaya Orihara,треш,_ZeuS_,Торуне,Канеки Учиха,Deathstroke,Pain,Младший Брат,L Lawliet,Большой Брат,Garadin,Курама Якумо,mazumuz,тихиЙ ужаС,Ledi,Сбежавший Учиха,Социопат,Brave,Хичиго Широсаки,zzStop,LoLka 80 lvl,ШикамарУ,Изуки Мидория,Тобирама Сенджу,Г а а р а,Mrak,Djons,Кимимаро,Ogawa,Alukard,Последователь,Mirajane,Пчёлка,~TITAN~,Scifsyyh,~KiLLeR~,Тендо Нагато,_Призрак_,TheJoker,StanLee,Хрустальный Лис,Корвин,Флэш,Катаямо,-Sally-,Supa,Grimmjow
20200325,172496,125621,125228,103729,103144,100896,91558,82635,78721,76697,75713,73512,73022,70007,61921,58140,57649,55992,55143,49197,46609,46196,43331,43291,42868,41800,41367,41252,40764,40356,40230,39862,39473,38056,36810,33718,33361,32988,32485,30520,30317,29667,29524,29497,29010,28942,27937,27638,27592,27031,26870,26526,26235,26158,25438,25325,24691,24646,24526,23440,23282,23182,22328,22179,21761,21708,21201,20970,20870,20269,20197,19953,19278,19007,18581,18549,17895,17778,17023,16845,16744,16578,16473,16343,15694,15531,15411,15377,15083,14833,14639,14181,14180,14105,13855,13721,13138,12842,12608,12535
date,Джирайя,Майто Гай,Uchiha Madara,Shisui,Айзен,AloneInTheDark,Rosich,sensey,Юморист,YuRaN III,Нет,Сайдзо,Мастер ИП,Orochimaru,Rock Lee,Rokyro Rau,Tayuya,Хедин,РИДИК,-Tobi-,Kira,KillerNick,Акабане Карма,misha10x10x,Вулкан,DeYsTrave,Sakata Gintoki,Kirishima Touka,Fludo,Конс,Neji Hyuga,_Indra_,Социопат_мл,Леди ангел,Акасуна но Акира,Trigun,Ога Тацуми,Silf,Vizer fon Ghoul,Учиха Хидате,Freir,Гаара,Firebug,Нагато Пейн,СОНЯ,Konan,ArtiGarPotr,Andara,-Uchiha-Artem-,Mikadzuki,Гусь,CM Punk,герцогиня,Izaya Orihara,треш,_ZeuS_,Торуне,Канеки Учиха,Deathstroke,Pain,Младший Брат,L Lawliet,Большой Брат,Garadin,Курама Якумо,mazumuz,тихиЙ ужаС,Ledi,Сбежавший Учиха,Социопат,Brave,Хичиго Широсаки,zzStop,LoLka 80 lvl,ШикамарУ,Изуки Мидория,Тобирама Сенджу,Г а а р а,Mrak,Djons,Кимимаро,Ogawa,Alukard,Последователь,Mirajane,Пчёлка,~TITAN~,Scifsyyh,~KiLLeR~,Тендо Нагато,_Призрак_,TheJoker,StanLee,Хрустальный Лис,Корвин,Флэш,Катаямо,-Sally-,Supa,Grimmjow
20200326,172533,125681,125228,103775,103184,100928,91614,82678,78769,76697,75713,73512,73022,70007,61921,58172,57649,55992,55143,49197,46609,46196,43331,43291,42868,41800,41367,41252,40764,40407,40230,39862,39473,38056,36810,33718,33361,32988,32529,30520,30317,29709,29524,29497,29010,28942,27937,27638,27592,27031,26870,26526,26235,26158,25438,25325,24691,24646,24526,23440,23282,23182,22379,22200,21761,21708,21201,20970,20870,20269,20197,19953,19278,19007,18581,18549,17895,17778,17023,16845,16744,16578,16473,16343,15694,15531,15411,15377,15083,14833,14639,14181,14180,14105,13855,13738,13138,12842,12608,12535
date,Джирайя,Майто Гай,Uchiha Madara,Shisui,Айзен,AloneInTheDark,Rosich,sensey,Юморист,YuRaN III,Нет,Сайдзо,Мастер ИП,Orochimaru,Rock Lee,Rokyro Rau,Tayuya,Хедин,РИДИК,-Tobi-,Kira,KillerNick,Акабане Карма,misha10x10x,Вулкан,DeYsTrave,Sakata Gintoki,Kirishima Touka,Fludo,Конс,Neji Hyuga,_Indra_,Социопат_мл,Леди ангел,Акасуна но Акира,Trigun,Ога Тацуми,Silf,Vizer fon Ghoul,Учиха Хидате,Freir,Гаара,Firebug,Нагато Пейн,СОНЯ,Konan,ArtiGarPotr,Andara,-Uchiha-Artem-,Mikadzuki,Гусь,CM Punk,герцогиня,Izaya Orihara,треш,_ZeuS_,Торуне,Канеки Учиха,Deathstroke,Pain,Младший Брат,L Lawliet,Большой Брат,Garadin,Курама Якумо,mazumuz,тихиЙ ужаС,Ledi,Сбежавший Учиха,Социопат,Brave,Хичиго Широсаки,zzStop,LoLka 80 lvl,ШикамарУ,Изуки Мидория,Тобирама Сенджу,Г а а р а,Mrak,Djons,Кимимаро,Ogawa,Alukard,Последователь,Mirajane,Пчёлка,~TITAN~,Scifsyyh,~KiLLeR~,Тендо Нагато,_Призрак_,TheJoker,StanLee,Хрустальный Лис,Корвин,Флэш,Катаямо,-Sally-,Supa,Grimmjow
20200327,172586,125730,125228,103823,103239,100968,91652,82724,78820,76697,75713,73512,73025,70007,61921,58247,57649,55992,55143,49197,46609,46196,43331,43291,42868,41800,41367,41252,40764,40407,40230,39862,39473,38056,36810,33718,33361,32988,32593,30520,30317,29758,29524,29497,29010,28942,27937,27638,27592,27081,26870,26526,26235,26158,25438,25325,24691,24646,24526,23440,23282,23182,22422,22203,21761,21708,21201,20970,20870,20269,20197,19953,19278,19007,18581,18549,17895,17778,17023,16845,16744,16578,16473,16343,15694,15531,15411,15377,15083,14833,14639,14181,14180,14105,13855,13751,13138,12842,12608,12535
date,Джирайя,Майто Гай,Uchiha Madara,Shisui,Айзен,AloneInTheDark,Rosich,sensey,Юморист,YuRaN III,Нет,Сайдзо,Мастер ИП,Orochimaru,Rock Lee,Rokyro Rau,Tayuya,Хедин,РИДИК,-Tobi-,Kira,KillerNick,Акабане Карма,misha10x10x,Вулкан,DeYsTrave,Sakata Gintoki,Kirishima Touka,Fludo,Конс,Neji Hyuga,_Indra_,Социопат_мл,Леди ангел,Акасуна но Акира,Trigun,Ога Тацуми,Silf,Vizer fon Ghoul,Учиха Хидате,Freir,Гаара,Firebug,Нагато Пейн,СОНЯ,Konan,ArtiGarPotr,Andara,-Uchiha-Artem-,Mikadzuki,Гусь,CM Punk,герцогиня,Izaya Orihara,треш,_ZeuS_,Торуне,Канеки Учиха,Deathstroke,Pain,Младший Брат,L Lawliet,Большой Брат,Garadin,Курама Якумо,mazumuz,тихиЙ ужаС,Ledi,Сбежавший Учиха,Социопат,Brave,Хичиго Широсаки,zzStop,LoLka 80 lvl,ШикамарУ,Изуки Мидория,Тобирама Сенджу,Г а а р а,Mrak,Djons,Кимимаро,Ogawa,Alukard,Последователь,Mirajane,Пчёлка,~TITAN~,Scifsyyh,~KiLLeR~,Тендо Нагато,_Призрак_,TheJoker,StanLee,Хрустальный Лис,Корвин,Флэш,Катаямо,-Sally-,Supa,Grimmjow
20200328,172586,125780,125228,103870,103287,101020,91699,82769,78870,76697,75713,73512,73051,70007,61921,58295,57649,55992,55143,49197,46609,46196,43331,43291,42868,41800,41367,41252,40764,40462,40230,39862,39473,38056,36810,33718,33361,32988,32612,30520,30317,29758,29524,29497,29010,28942,27937,27638,27592,27105,26870,26526,26245,26158,25438,25325,24691,24646,24526,23440,23282,23182,22467,22203,21761,21708,21201,20970,20870,20269,20197,19953,19278,19007,18581,18549,17895,17778,17023,16845,16744,16578,16473,16343,15694,15531,15411,15377,15083,14833,14639,14181,14180,14105,13855,13769,13138,12842,12608,12535
date,Джирайя,Майто Гай,Uchiha Madara,Shisui,Айзен,AloneInTheDark,Rosich,sensey,Юморист,YuRaN III,Нет,Сайдзо,Мастер ИП,Orochimaru,Rock Lee,Rokyro Rau,Tayuya,Хедин,РИДИК,-Tobi-,Kira,KillerNick,Акабане Карма,misha10x10x,Вулкан,DeYsTrave,Sakata Gintoki,Kirishima Touka,Fludo,Конс,Neji Hyuga,_Indra_,Социопат_мл,Леди ангел,Акасуна но Акира,Trigun,Ога Тацуми,Silf,Vizer fon Ghoul,Учиха Хидате,Freir,Гаара,Firebug,Нагато Пейн,СОНЯ,Konan,ArtiGarPotr,Andara,-Uchiha-Artem-,Mikadzuki,Гусь,CM Punk,герцогиня,Izaya Orihara,треш,_ZeuS_,Торуне,Канеки Учиха,Deathstroke,Pain,Младший Брат,L Lawliet,Большой Брат,Garadin,Курама Якумо,mazumuz,тихиЙ ужаС,Ledi,Сбежавший Учиха,Социопат,Brave,Хичиго Широсаки,zzStop,LoLka 80 lvl,ШикамарУ,Изуки Мидория,Тобирама Сенджу,Г а а р а,Mrak,Djons,Кимимаро,Ogawa,Alukard,Последователь,Mirajane,Пчёлка,~TITAN~,Scifsyyh,~KiLLeR~,Тендо Нагато,_Призрак_,TheJoker,StanLee,Хрустальный Лис,Корвин,Флэш,Катаямо,-Sally-,Supa,Grimmjow
20200329,172586,125830,125228,103918,103335,101063,91731,82814,78919,76697,75713,73512,73051,70007,61921,58316,57649,55992,55143,49197,46609,46196,43331,43291,42868,41800,41367,41252,40764,40462,40230,39862,39473,38056,36810,33718,33361,32988,32672,30520,30317,29819,29524,29497,29010,28942,27937,27638,27592,27153,26870,26526,26260,26158,25438,25325,24691,24646,24526,23440,23282,23182,22512,22203,21761,21708,21201,20970,20870,20269,20197,19953,19278,19007,18581,18549,17895,17778,17023,16845,16744,16578,16473,16343,15694,15531,15411,15377,15083,14833,14639,14181,14180,14105,13855,13769,13138,12842,12608,12535
date,Джирайя,Майто Гай,Uchiha Madara,Shisui,Айзен,AloneInTheDark,Rosich,sensey,Юморист,YuRaN III,Нет,Сайдзо,Мастер ИП,Orochimaru,Rock Lee,Rokyro Rau,Tayuya,Хедин,РИДИК,-Tobi-,Kira,KillerNick,Акабане Карма,misha10x10x,Вулкан,DeYsTrave,Sakata Gintoki,Kirishima Touka,Fludo,Конс,Neji Hyuga,_Indra_,Социопат_мл,Леди ангел,Акасуна но Акира,Trigun,Ога Тацуми,Silf,Vizer fon Ghoul,Учиха Хидате,Freir,Гаара,Firebug,Нагато Пейн,СОНЯ,Konan,ArtiGarPotr,Andara,-Uchiha-Artem-,Mikadzuki,Гусь,CM Punk,герцогиня,Izaya Orihara,треш,_ZeuS_,Торуне,Канеки Учиха,Deathstroke,Pain,Младший Брат,L Lawliet,Большой Брат,Garadin,Курама Якумо,mazumuz,тихиЙ ужаС,Ledi,Сбежавший Учиха,Социопат,Brave,Хичиго Широсаки,zzStop,LoLka 80 lvl,ШикамарУ,Изуки Мидория,Тобирама Сенджу,Г а а р а,Mrak,Djons,Кимимаро,Ogawa,Alukard,Последователь,Mirajane,Пчёлка,~TITAN~,Scifsyyh,~KiLLeR~,Тендо Нагато,_Призрак_,TheJoker,StanLee,Хрустальный Лис,Корвин,Флэш,Катаямо,-Sally-,Supa,Grimmjow
20200330,172586,125876,125228,103966,103393,101118,91779,82858,78968,76697,75713,73512,73070,70007,61921,58354,57649,55992,55143,49197,46609,46196,43331,43291,42868,41800,41367,41252,40764,40462,40230,39862,39473,38056,36810,33718,33361,32988,32712,30520,30317,29847,29524,29497,29010,28942,27937,27638,27592,27198,26870,26526,26269,26158,25438,25325,24691,24646,24526,23440,23282,23182,22553,22203,21761,21708,21201,20970,20870,20269,20197,19953,19278,19007,18581,18549,17895,17778,17023,16869,16744,16578,16473,16343,15694,15531,15411,15377,15083,14833,14639,14181,14180,14105,13855,13781,13138,12842,12608,12535
date,Джирайя,Майто Гай,Uchiha Madara,Shisui,Айзен,AloneInTheDark,Rosich,sensey,Юморист,YuRaN III,Нет,Сайдзо,Мастер ИП,Orochimaru,Rock Lee,Rokyro Rau,Tayuya,Хедин,РИДИК,-Tobi-,Kira,KillerNick,Акабане Карма,misha10x10x,Вулкан,DeYsTrave,Sakata Gintoki,Kirishima Touka,Fludo,Конс,Neji Hyuga,_Indra_,Социопат_мл,Леди ангел,Акасуна но Акира,Trigun,Ога Тацуми,Silf,Vizer fon Ghoul,Учиха Хидате,Freir,Гаара,Firebug,Нагато Пейн,СОНЯ,Konan,ArtiGarPotr,Andara,-Uchiha-Artem-,Mikadzuki,Гусь,CM Punk,герцогиня,Izaya Orihara,треш,_ZeuS_,Торуне,Канеки Учиха,Deathstroke,Pain,Младший Брат,L Lawliet,Большой Брат,Garadin,Курама Якумо,mazumuz,тихиЙ ужаС,Ledi,Сбежавший Учиха,Социопат,Brave,Хичиго Широсаки,zzStop,LoLka 80 lvl,ШикамарУ,Изуки Мидория,Тобирама Сенджу,Г а а р а,Mrak,Djons,Кимимаро,Ogawa,Alukard,Последователь,Mirajane,Пчёлка,~TITAN~,Scifsyyh,~KiLLeR~,Тендо Нагато,_Призрак_,TheJoker,StanLee,Хрустальный Лис,Корвин,Флэш,Катаямо,-Sally-,Supa,Grimmjow
20200331,172650,125928,125228,104014,103401,101154,91834,82901,79018,76697,75713,73512,73070,70007,61921,58388,57649,55992,55143,49197,46609,46196,43331,43291,42868,41800,41367,41252,40764,40462,40230,39862,39473,38056,36810,33718,33361,32988,32750,30520,30317,29847,29524,29497,29010,28942,27937,27638,27592,27242,26870,26526,26309,26158,25438,25325,24691,24646,24526,23440,23282,23182,22597,22208,21761,21708,21201,20970,20870,20269,20197,19953,19278,19007,18581,18549,17895,17778,17023,16906,16744,16578,16473,16343,15694,15531,15411,15377,15083,14833,14639,14181,14180,14105,13855,13781,13138,12842,12608,12535
date,Джирайя,Майто Гай,Uchiha Madara,Shisui,Айзен,AloneInTheDark,Rosich,sensey,Юморист,YuRaN III,Нет,Сайдзо,Мастер ИП,Orochimaru,Rock Lee,Rokyro Rau,Tayuya,Хедин,РИДИК,-Tobi-,Kira,KillerNick,Акабане Карма,misha10x10x,Вулкан,DeYsTrave,Sakata Gintoki,Kirishima Touka,Fludo,Конс,Neji Hyuga,_Indra_,Социопат_мл,Леди ангел,Акасуна но Акира,Trigun,Ога Тацуми,Silf,Vizer fon Ghoul,Учиха Хидате,Freir,Гаара,Firebug,Нагато Пейн,СОНЯ,Konan,ArtiGarPotr,Andara,-Uchiha-Artem-,Mikadzuki,Гусь,CM Punk,герцогиня,Izaya Orihara,треш,_ZeuS_,Торуне,Канеки Учиха,Deathstroke,Pain,Младший Брат,L Lawliet,Большой Брат,Garadin,Курама Якумо,mazumuz,тихиЙ ужаС,Ledi,Сбежавший Учиха,Социопат,Brave,Хичиго Широсаки,zzStop,LoLka 80 lvl,ШикамарУ,Изуки Мидория,Тобирама Сенджу,Г а а р а,Mrak,Djons,Кимимаро,Ogawa,Alukard,Последователь,Mirajane,Пчёлка,~TITAN~,Scifsyyh,~KiLLeR~,Тендо Нагато,_Призрак_,TheJoker,StanLee,Хрустальный Лис,Корвин,Флэш,Катаямо,-Sally-,Supa,Grimmjow
20200401,172713,125976,125228,104044,103489,101198,91901,82945,79029,76697,75713,73512,73107,70007,61921,58471,57649,55992,55143,49197,46609,46196,43331,43291,42868,41800,41367,41252,40775,40462,40230,39862,39473,38056,36810,33718,33361,32988,32800,30520,30317,29847,29524,29497,29010,28942,27937,27638,27592,27290,26870,26526,26349,26158,25438,25325,24691,24646,24526,23440,23282,23182,22638,22225,21761,21708,21201,20970,20870,20269,20197,19953,19278,19007,18581,18549,17917,17778,17023,16979,16744,16578,16473,16355,15694,15531,15411,15377,15083,14833,14639,14181,14180,14105,13855,13781,13138,12842,12608,12535
date,Джирайя,Майто Гай,Uchiha Madara,Shisui,Айзен,AloneInTheDark,Rosich,sensey,Юморист,YuRaN III,Нет,Сайдзо,Мастер ИП,Orochimaru,Rock Lee,Rokyro Rau,Tayuya,Хедин,РИДИК,-Tobi-,Kira,KillerNick,Акабане Карма,misha10x10x,Вулкан,DeYsTrave,Sakata Gintoki,Kirishima Touka,Fludo,Конс,Neji Hyuga,_Indra_,Социопат_мл,Леди ангел,Акасуна но Акира,Trigun,Ога Тацуми,Silf,Vizer fon Ghoul,Учиха Хидате,Freir,Гаара,Firebug,Нагато Пейн,СОНЯ,Konan,ArtiGarPotr,Andara,-Uchiha-Artem-,Mikadzuki,Гусь,CM Punk,герцогиня,Izaya Orihara,треш,_ZeuS_,Торуне,Канеки Учиха,Deathstroke,Pain,Младший Брат,L Lawliet,Большой Брат,Garadin,Курама Якумо,mazumuz,тихиЙ ужаС,Ledi,Сбежавший Учиха,Социопат,Brave,Хичиго Широсаки,zzStop,LoLka 80 lvl,ШикамарУ,Изуки Мидория,Тобирама Сенджу,Г а а р а,Mrak,Djons,Кимимаро,Ogawa,Alukard,Последователь,Mirajane,Пчёлка,~TITAN~,Scifsyyh,~KiLLeR~,Тендо Нагато,_Призрак_,TheJoker,StanLee,Хрустальный Лис,Корвин,Флэш,Катаямо,-Sally-,Supa,Grimmjow
20200402,172760,126019,125228,104090,103540,101226,91959,82990,79116,76697,75713,73512,73107,70007,61921,58511,57649,55992,55143,49197,46609,46196,43331,43291,42868,41800,41367,41252,40787,40462,40230,39862,39481,38056,36811,33718,33361,32988,32851,30520,30317,29847,29524,29497,29010,28942,27937,27638,27592,27336,26870,26526,26374,26158,25438,25325,24691,24646,24526,23440,23282,23182,22683,22225,21761,21708,21201,20970,20870,20269,20197,19953,19278,19007,18581,18549,17933,17778,17023,17014,16744,16578,16473,16366,15694,15531,15411,15377,15083,14833,14639,14181,14180,14105,13855,13789,13138,12842,12608,12535
date,Джирайя,Майто Гай,Uchiha Madara,Shisui,Айзен,AloneInTheDark,Rosich,sensey,Юморист,YuRaN III,Нет,Сайдзо,Мастер ИП,Orochimaru,Rock Lee,Rokyro Rau,Tayuya,Хедин,РИДИК,-Tobi-,Kira,KillerNick,Акабане Карма,misha10x10x,Вулкан,DeYsTrave,Sakata Gintoki,Kirishima Touka,Fludo,Конс,Neji Hyuga,_Indra_,Социопат_мл,Леди ангел,Акасуна но Акира,Trigun,Ога Тацуми,Silf,Vizer fon Ghoul,Учиха Хидате,Freir,Гаара,Firebug,Нагато Пейн,СОНЯ,Konan,ArtiGarPotr,Andara,-Uchiha-Artem-,Mikadzuki,Гусь,CM Punk,герцогиня,Izaya Orihara,треш,_ZeuS_,Торуне,Канеки Учиха,Deathstroke,Pain,Младший Брат,L Lawliet,Большой Брат,Garadin,Курама Якумо,mazumuz,тихиЙ ужаС,Ledi,Сбежавший Учиха,Социопат,Brave,Хичиго Широсаки,zzStop,LoLka 80 lvl,ШикамарУ,Изуки Мидория,Тобирама Сенджу,Г а а р а,Djons,Mrak,Кимимаро,Ogawa,Alukard,Последователь,Mirajane,Пчёлка,~TITAN~,Scifsyyh,~KiLLeR~,Тендо Нагато,_Призрак_,TheJoker,StanLee,Хрустальный Лис,Корвин,Флэш,Катаямо,-Sally-,Supa,Grimmjow
20200403,172825,126071,125228,104146,103591,101271,91985,83031,79166,76697,75713,73512,73107,70007,61921,58562,57649,55992,55143,49197,46610,46196,43331,43291,42868,41800,41367,41252,40813,40462,40230,39862,39728,38056,36811,33718,33361,32988,32851,30520,30317,29847,29524,29497,29010,28942,27937,27638,27592,27378,26870,26526,26374,26158,25438,25325,24691,24646,24526,23440,23282,23182,22720,22226,21761,21708,21201,20970,20870,20269,20197,19953,19278,19007,18581,18549,17949,17778,17035,17023,16744,16578,16473,16383,15694,15531,15411,15377,15083,14833,14639,14181,14180,14105,13855,13820,13138,12842,12608,12535
date,Джирайя,Майто Гай,Uchiha Madara,Shisui,Айзен,AloneInTheDark,Rosich,sensey,Юморист,YuRaN III,Нет,Сайдзо,Мастер ИП,Orochimaru,Rock Lee,Rokyro Rau,Tayuya,Хедин,РИДИК,-Tobi-,Kira,KillerNick,Акабане Карма,misha10x10x,Вулкан,DeYsTrave,Sakata Gintoki,Kirishima Touka,Fludo,Конс,Neji Hyuga,_Indra_,Социопат_мл,Леди ангел,Акасуна но Акира,Trigun,Ога Тацуми,Silf,Vizer fon Ghoul,Учиха Хидате,Freir,Гаара,Firebug,Нагато Пейн,СОНЯ,Konan,ArtiGarPotr,Andara,-Uchiha-Artem-,Mikadzuki,Гусь,CM Punk,герцогиня,Izaya Orihara,треш,_ZeuS_,Торуне,Канеки Учиха,Deathstroke,Pain,Младший Брат,L Lawliet,Большой Брат,Garadin,Курама Якумо,mazumuz,тихиЙ ужаС,Ledi,Сбежавший Учиха,Социопат,Brave,Хичиго Широсаки,zzStop,LoLka 80 lvl,ШикамарУ,Изуки Мидория,Тобирама Сенджу,Г а а р а,Djons,Mrak,Кимимаро,Ogawa,Alukard,Последователь,Mirajane,Пчёлка,~TITAN~,Scifsyyh,~KiLLeR~,Тендо Нагато,_Призрак_,TheJoker,StanLee,Хрустальный Лис,Корвин,Флэш,Катаямо,-Sally-,Supa,Grimmjow
20200404,172825,126121,125228,104188,103653,101333,92062,83063,79216,76697,75713,73512,73107,70007,61921,58608,57649,55992,55143,49276,46610,46196,43331,43291,42868,41800,41367,41252,40852,40462,40230,39862,39849,38056,36811,33718,33361,32988,32870,30520,30317,29847,29524,29497,29010,28942,27937,27638,27592,27425,26870,26526,26374,26158,25438,25325,24691,24646,24526,23440,23282,23182,22761,22227,21761,21708,21201,20970,20870,20269,20197,19953,19278,19007,18581,18549,17990,17778,17088,17023,16744,16578,16473,16400,15694,15531,15411,15377,15083,14833,14639,14181,14180,14105,13855,13844,13138,12842,12608,12535
date,Джирайя,Майто Гай,Uchiha Madara,Shisui,Айзен,AloneInTheDark,Rosich,sensey,Юморист,YuRaN III,Нет,Сайдзо,Мастер ИП,Orochimaru,Rock Lee,Rokyro Rau,Tayuya,Хедин,РИДИК,-Tobi-,Kira,KillerNick,Акабане Карма,misha10x10x,Вулкан,DeYsTrave,Sakata Gintoki,Kirishima Touka,Fludo,Конс,Neji Hyuga,Социопат_мл,_Indra_,Леди ангел,Акасуна но Акира,Trigun,Ога Тацуми,Silf,Vizer fon Ghoul,Учиха Хидате,Freir,Гаара,Firebug,Нагато Пейн,СОНЯ,Konan,ArtiGarPotr,Andara,-Uchiha-Artem-,Mikadzuki,Гусь,CM Punk,герцогиня,Izaya Orihara,треш,_ZeuS_,Торуне,Канеки Учиха,Deathstroke,Pain,Младший Брат,L Lawliet,Большой Брат,Garadin,Курама Якумо,mazumuz,тихиЙ ужаС,Ledi,Сбежавший Учиха,Социопат,Brave,Хичиго Широсаки,zzStop,LoLka 80 lvl,ШикамарУ,Изуки Мидория,Тобирама Сенджу,Г а а р а,Djons,Mrak,Кимимаро,Ogawa,Alukard,Последователь,Mirajane,Пчёлка,~TITAN~,Scifsyyh,~KiLLeR~,Тендо Нагато,_Призрак_,TheJoker,StanLee,Хрустальный Лис,Флэш,Корвин,Катаямо,-Sally-,Supa,Grimmjow
20200405,172825,126171,125228,104225,103704,101377,92102,83119,79264,76697,75713,73512,73107,70007,61921,58652,57649,55992,55143,49277,46610,46196,43331,43291,42868,41800,41367,41252,40879,40462,40230,39897,39862,38056,36811,33718,33361,32988,32921,30520,30317,29847,29524,29497,29010,28942,27937,27638,27592,27470,26870,26526,26426,26158,25438,25325,24691,24646,24526,23440,23282,23182,22806,22227,21761,21708,21201,20970,20870,20269,20197,19953,19278,19007,18581,18549,18028,17778,17125,17023,16744,16578,16473,16449,15694,15531,15411,15377,15083,14833,14639,14181,14180,14105,13881,13855,13138,12842,12608,12535
date,Джирайя,Майто Гай,Uchiha Madara,Shisui,Айзен,AloneInTheDark,Rosich,sensey,Юморист,YuRaN III,Нет,Сайдзо,Мастер ИП,Orochimaru,Rock Lee,Rokyro Rau,Tayuya,Хедин,РИДИК,-Tobi-,Kira,KillerNick,Акабане Карма,misha10x10x,Вулкан,DeYsTrave,Sakata Gintoki,Kirishima Touka,Fludo,Конс,Neji Hyuga,Социопат_мл,_Indra_,Леди ангел,Акасуна но Акира,Trigun,Ога Тацуми,Silf,Vizer fon Ghoul,Учиха Хидате,Freir,Гаара,Firebug,Нагато Пейн,СОНЯ,Konan,ArtiGarPotr,Andara,-Uchiha-Artem-,Mikadzuki,Гусь,CM Punk,герцогиня,Izaya Orihara,треш,_ZeuS_,Торуне,Канеки Учиха,Deathstroke,Pain,Младший Брат,L Lawliet,Большой Брат,Garadin,Курама Якумо,mazumuz,тихиЙ ужаС,Ledi,Сбежавший Учиха,Социопат,Brave,Хичиго Широсаки,zzStop,LoLka 80 lvl,ШикамарУ,Изуки Мидория,Тобирама Сенджу,Г а а р а,Djons,Mrak,Кимимаро,Ogawa,Последователь,Alukard,Mirajane,Пчёлка,~TITAN~,Scifsyyh,~KiLLeR~,Тендо Нагато,_Призрак_,TheJoker,StanLee,Хрустальный Лис,Флэш,Корвин,Катаямо,-Sally-,Supa,Grimmjow
20200406,172825,126218,125228,104293,103744,101422,92158,83164,79310,76697,75713,73512,73107,70007,61921,58701,57649,55992,55143,49277,46610,46196,43331,43291,42868,41800,41367,41252,40913,40462,40230,40023,39862,38056,36811,33718,33361,32988,32929,30520,30317,29847,29524,29497,29010,28942,27937,27638,27592,27514,26870,26526,26479,26158,25438,25325,24691,24646,24526,23440,23282,23182,22856,22229,21761,21708,21201,20970,20870,20269,20197,19953,19278,19007,18581,18549,18063,17778,17154,17023,16744,16578,16489,16473,15694,15531,15411,15377,15083,14833,14639,14181,14180,14105,13893,13855,13138,12842,12608,12535
date,Джирайя,Майто Гай,Uchiha Madara,Shisui,Айзен,AloneInTheDark,Rosich,sensey,Юморист,YuRaN III,Нет,Сайдзо,Мастер ИП,Orochimaru,Rock Lee,Rokyro Rau,Tayuya,Хедин,РИДИК,-Tobi-,Kira,KillerNick,Акабане Карма,misha10x10x,Вулкан,DeYsTrave,Sakata Gintoki,Kirishima Touka,Fludo,Конс,Neji Hyuga,Социопат_мл,_Indra_,Леди ангел,Акасуна но Акира,Trigun,Ога Тацуми,Silf,Vizer fon Ghoul,Учиха Хидате,Freir,Гаара,Firebug,Нагато Пейн,СОНЯ,Konan,ArtiGarPotr,Andara,-Uchiha-Artem-,Mikadzuki,Гусь,CM Punk,герцогиня,Izaya Orihara,треш,_ZeuS_,Торуне,Канеки Учиха,Deathstroke,Pain,Младший Брат,L Lawliet,Большой Брат,Garadin,Курама Якумо,mazumuz,тихиЙ ужаС,Ledi,Сбежавший Учиха,Социопат,Brave,Хичиго Широсаки,zzStop,LoLka 80 lvl,ШикамарУ,Изуки Мидория,Тобирама Сенджу,Г а а р а,Djons,Mrak,Кимимаро,Ogawa,Последователь,Alukard,Mirajane,Пчёлка,~TITAN~,Scifsyyh,~KiLLeR~,Тендо Нагато,_Призрак_,TheJoker,StanLee,Хрустальный Лис,Флэш,Корвин,Катаямо,-Sally-,Supa,Grimmjow
20200407,172898,126267,125228,104341,103810,101468,92211,83207,79310,76697,75713,73512,73107,70007,61921,58740,57649,55992,55143,49277,46610,46196,43331,43291,42868,41800,41367,41252,40950,40462,40230,40045,39862,38056,36814,33718,33361,32988,32929,30520,30317,29847,29524,29497,29010,28942,27937,27638,27592,27558,26870,26526,26479,26158,25438,25325,24691,24646,24526,23440,23282,23182,22883,22229,21761,21708,21201,20970,20870,20269,20197,19953,19278,19007,18581,18549,18078,17778,17154,17023,16744,16578,16489,16473,15694,15531,15411,15377,15083,14833,14639,14181,14180,14105,13893,13855,13138,12842,12608,12535
date,Джирайя,Майто Гай,Uchiha Madara,Shisui,Айзен,AloneInTheDark,Rosich,sensey,Юморист,YuRaN III,Нет,Сайдзо,Мастер ИП,Orochimaru,Rock Lee,Rokyro Rau,Tayuya,Хедин,РИДИК,-Tobi-,Kira,KillerNick,Акабане Карма,misha10x10x,Вулкан,DeYsTrave,Sakata Gintoki,Kirishima Touka,Fludo,Конс,Neji Hyuga,Социопат_мл,_Indra_,Леди ангел,Акасуна но Акира,Trigun,Ога Тацуми,Silf,Vizer fon Ghoul,Учиха Хидате,Freir,Гаара,Firebug,Нагато Пейн,СОНЯ,Konan,ArtiGarPotr,Andara,Mikadzuki,-Uchiha-Artem-,Гусь,CM Punk,герцогиня,Izaya Orihara,треш,_ZeuS_,Торуне,Канеки Учиха,Deathstroke,Pain,Младший Брат,L Lawliet,Большой Брат,Garadin,Курама Якумо,mazumuz,тихиЙ ужаС,Ledi,Сбежавший Учиха,Социопат,Brave,Хичиго Широсаки,zzStop,LoLka 80 lvl,ШикамарУ,Изуки Мидория,Тобирама Сенджу,Г а а р а,Djons,Mrak,Кимимаро,Ogawa,Последователь,Alukard,Mirajane,Пчёлка,~TITAN~,Scifsyyh,~KiLLeR~,Тендо Нагато,_Призрак_,TheJoker,StanLee,Хрустальный Лис,Флэш,Корвин,Катаямо,-Sally-,Supa,Grimmjow
20200408,172919,126318,125228,104348,103866,101515,92262,83252,79310,76697,75713,73512,73108,70007,61921,58784,57649,55992,55143,49277,46610,46196,43331,43291,42868,41800,41367,41252,40987,40462,40230,40093,39862,38056,36822,33718,33361,32988,32929,30520,30317,29847,29524,29497,29010,28942,27937,27638,27605,27592,26870,26526,26502,26158,25438,25325,24691,24646,24526,23440,23282,23182,22940,22230,21761,21708,21201,20970,20870,20269,20197,19953,19278,19007,18581,18549,18078,17778,17154,17023,16744,16578,16489,16473,15694,15531,15411,15377,15083,14833,14639,14181,14180,14105,13893,13855,13138,12842,12608,12535
date
20200409
date,Джирайя,Майто Гай,Uchiha Madara,Shisui,Айзен,AloneInTheDark,Rosich,sensey,Юморист,YuRaN III,Нет,Сайдзо,Мастер ИП,Orochimaru,Rock Lee,Rokyro Rau,Tayuya,Хедин,РИДИК,-Tobi-,Kira,KillerNick,Акабане Карма,misha10x10x,Вулкан,DeYsTrave,Sakata Gintoki,Kirishima Touka,Fludo,Конс,Neji Hyuga,Социопат_мл,_Indra_,Леди ангел,Акасуна но Акира,Trigun,Ога Тацуми,Vizer fon Ghoul,Silf,Учиха Хидате,Freir,Гаара,Firebug,Нагато Пейн,СОНЯ,Konan,ArtiGarPotr,Mikadzuki,Andara,-Uchiha-Artem-,Гусь,герцогиня,CM Punk,Izaya Orihara,треш,_ZeuS_,Торуне,Канеки Учиха,Deathstroke,Pain,Младший Брат,L Lawliet,Большой Брат,Garadin,Курама Якумо,mazumuz,тихиЙ ужаС,Ledi,Сбежавший Учиха,Социопат,Brave,Хичиго Широсаки,zzStop,LoLka 80 lvl,ШикамарУ,Изуки Мидория,Тобирама Сенджу,Г а а р а,Djons,Mrak,Кимимаро,Ogawa,Последователь,Alukard,Mirajane,Пчёлка,~TITAN~,Scifsyyh,~KiLLeR~,Тендо Нагато,_Призрак_,TheJoker,StanLee,Хрустальный Лис,Флэш,Корвин,Катаямо,-Sally-,Supa,Grimmjow
20200410,172981,126421,125228,104415,103960,101607,92355,83329,79310,76697,75713,73512,73108,70007,61921,58883,57649,55992,55143,49277,46611,46196,43331,43291,42868,41800,41367,41252,41001,40462,40230,40166,39862,38056,36827,33718,33361,32996,32988,30520,30317,29847,29524,29497,29010,28942,27937,27696,27638,27592,26870,26567,26526,26158,25438,25325,24691,24646,24526,23440,23282,23182,22996,22232,21761,21708,21201,20970,20870,20269,20197,19953,19278,19007,18581,18549,18078,17778,17154,17023,16744,16578,16489,16473,15694,15531,15411,15377,15083,14833,14639,14181,14180,14105,13904,13855,13138,12842,12608,12535
date,Джирайя,Майто Гай,Uchiha Madara,Shisui,Айзен,AloneInTheDark,Rosich,sensey,Юморист,YuRaN III,Нет,Сайдзо,Мастер ИП,Orochimaru,Rock Lee,Rokyro Rau,Tayuya,Хедин,РИДИК,-Tobi-,Kira,KillerNick,Акабане Карма,misha10x10x,Вулкан,DeYsTrave,Sakata Gintoki,Kirishima Touka,Fludo,Конс,Neji Hyuga,Социопат_мл,_Indra_,Леди ангел,Акасуна но Акира,Trigun,Ога Тацуми,Vizer fon Ghoul,Silf,Учиха Хидате,Freir,Гаара,Firebug,Нагато Пейн,СОНЯ,Konan,ArtiGarPotr,Mikadzuki,Andara,-Uchiha-Artem-,Гусь,герцогиня,CM Punk,Izaya Orihara,треш,_ZeuS_,Торуне,Канеки Учиха,Deathstroke,Pain,Младший Брат,L Lawliet,Большой Брат,Garadin,Курама Якумо,mazumuz,тихиЙ ужаС,Ledi,Сбежавший Учиха,Социопат,Brave,Хичиго Широсаки,zzStop,LoLka 80 lvl,ШикамарУ,Изуки Мидория,Тобирама Сенджу,Г а а р а,Djons,Mrak,Кимимаро,Ogawa,Последователь,Alukard,Mirajane,Пчёлка,~TITAN~,Scifsyyh,~KiLLeR~,Тендо Нагато,_Призрак_,TheJoker,StanLee,Хрустальный Лис,Флэш,Корвин,Катаямо,-Sally-,Supa,Grimmjow
20200411,173053,126470,125228,104469,104023,101652,92401,83372,79310,76697,75713,73512,73108,70007,61921,58933,57649,55992,55143,49277,46611,46196,43331,43291,42868,41800,41367,41252,41001,40462,40230,40182,39862,38056,36827,33718,33361,33019,32988,30520,30317,29847,29524,29497,29010,28942,27937,27738,27638,27592,26870,26621,26526,26158,25438,25325,24691,24646,24526,23440,23282,23182,23053,22232,21761,21708,21201,20970,20870,20269,20197,19953,19278,19007,18581,18549,18078,17778,17154,17023,16744,16578,16489,16473,15694,15531,15411,15377,15083,14833,14639,14181,14180,14105,13932,13855,13138,12842,12608,12535
date,Джирайя,Майто Гай,Uchiha Madara,Shisui,Айзен,AloneInTheDark,Rosich,sensey,Юморист,YuRaN III,Нет,Сайдзо,Мастер ИП,Orochimaru,Rock Lee,Rokyro Rau,Tayuya,Хедин,РИДИК,-Tobi-,Kira,KillerNick,Акабане Карма,misha10x10x,Вулкан,DeYsTrave,Sakata Gintoki,Kirishima Touka,Fludo,Конс,Neji Hyuga,Социопат_мл,_Indra_,Леди ангел,Акасуна но Акира,Trigun,Ога Тацуми,Vizer fon Ghoul,Silf,Учиха Хидате,Freir,Гаара,Firebug,Нагато Пейн,СОНЯ,Konan,ArtiGarPotr,Mikadzuki,Andara,-Uchiha-Artem-,Гусь,герцогиня,CM Punk,Izaya Orihara,треш,_ZeuS_,Торуне,Канеки Учиха,Deathstroke,Pain,Младший Брат,L Lawliet,Большой Брат,Garadin,Курама Якумо,mazumuz,тихиЙ ужаС,Ledi,Сбежавший Учиха,Социопат,Brave,Хичиго Широсаки,zzStop,LoLka 80 lvl,ШикамарУ,Изуки Мидория,Тобирама Сенджу,Г а а р а,Djons,Mrak,Кимимаро,Ogawa,Последователь,Alukard,Mirajane,Пчёлка,~TITAN~,Scifsyyh,~KiLLeR~,Тендо Нагато,_Призрак_,TheJoker,StanLee,Хрустальный Лис,Флэш,Корвин,Катаямо,-Sally-,Supa,Grimmjow
20200412,173112,126519,125228,104508,104076,101685,92444,83390,79310,76697,75713,73512,73109,70007,61921,58976,57649,55992,55143,49277,46611,46196,43331,43291,42868,41800,41367,41252,41001,40462,40230,40182,39862,38056,36827,33718,33361,33068,32988,30520,30317,29847,29524,29497,29010,28942,27937,27787,27638,27592,26870,26645,26526,26158,25438,25325,24691,24646,24526,23440,23282,23182,23097,22232,21761,21708,21201,20970,20870,20269,20197,19953,19278,19007,18581,18549,18094,17778,17154,17023,16744,16578,16489,16473,15694,15531,15411,15377,15083,14833,14639,14181,14180,14105,13942,13855,13138,12842,12608,12535
date,Джирайя,Майто Гай,Uchiha Madara,Shisui,Айзен,AloneInTheDark,Rosich,sensey,Юморист,YuRaN III,Нет,Сайдзо,Мастер ИП,Orochimaru,Rock Lee,Rokyro Rau,Tayuya,Хедин,РИДИК,-Tobi-,Kira,KillerNick,Акабане Карма,misha10x10x,Вулкан,DeYsTrave,Sakata Gintoki,Kirishima Touka,Fludo,Конс,Neji Hyuga,Социопат_мл,_Indra_,Леди ангел,Акасуна но Акира,Trigun,Ога Тацуми,Vizer fon Ghoul,Silf,Учиха Хидате,Freir,Гаара,Firebug,Нагато Пейн,СОНЯ,Konan,ArtiGarPotr,Mikadzuki,Andara,-Uchiha-Artem-,Гусь,герцогиня,CM Punk,Izaya Orihara,треш,_ZeuS_,Торуне,Канеки Учиха,Deathstroke,Pain,Младший Брат,L Lawliet,Большой Брат,Garadin,Курама Якумо,mazumuz,тихиЙ ужаС,Ledi,Сбежавший Учиха,Социопат,Brave,Хичиго Широсаки,zzStop,LoLka 80 lvl,ШикамарУ,Изуки Мидория,Тобирама Сенджу,Г а а р а,Djons,Mrak,Кимимаро,Ogawa,Последователь,Alukard,Mirajane,Пчёлка,~TITAN~,Scifsyyh,~KiLLeR~,Тендо Нагато,_Призрак_,TheJoker,StanLee,Хрустальный Лис,Флэш,Корвин,Катаямо,-Sally-,Supa,Grimmjow
20200413,173112,126570,125228,104549,104115,101732,92494,83439,79310,76697,75713,73512,73109,70007,61921,59028,57649,55992,55143,49277,46611,46196,43331,43291,42868,41800,41367,41252,41001,40462,40230,40182,39862,38056,36827,33718,33361,33137,32988,30520,30317,29847,29524,29497,29010,28942,27937,27831,27638,27592,26870,26658,26526,26158,25438,25325,24691,24646,24526,23440,23282,23182,23137,22232,21761,21708,21201,20970,20870,20269,20197,19953,19278,19007,18581,18549,18109,17778,17154,17023,16744,16578,16489,16473,15694,15531,15411,15377,15083,14833,14639,14181,14180,14105,13958,13855,13138,12842,12608,12535
date,Джирайя,Майто Гай,Uchiha Madara,Shisui,Айзен,AloneInTheDark,Rosich,sensey,Юморист,YuRaN III,Нет,Сайдзо,Мастер ИП,Orochimaru,Rock Lee,Rokyro Rau,Tayuya,Хедин,РИДИК,-Tobi-,Kira,KillerNick,Акабане Карма,misha10x10x,Вулкан,DeYsTrave,Sakata Gintoki,Kirishima Touka,Fludo,Конс,Neji Hyuga,Социопат_мл,_Indra_,Леди ангел,Акасуна но Акира,Trigun,Ога Тацуми,Vizer fon Ghoul,Silf,Учиха Хидате,Freir,Гаара,Firebug,Нагато Пейн,СОНЯ,Konan,ArtiGarPotr,Mikadzuki,Andara,-Uchiha-Artem-,Гусь,герцогиня,CM Punk,Izaya Orihara,треш,_ZeuS_,Торуне,Канеки Учиха,Deathstroke,Pain,Младший Брат,L Lawliet,Большой Брат,Garadin,Курама Якумо,mazumuz,тихиЙ ужаС,Ledi,Сбежавший Учиха,Социопат,Brave,Хичиго Широсаки,zzStop,LoLka 80 lvl,ШикамарУ,Изуки Мидория,Тобирама Сенджу,Г а а р а,Djons,Mrak,Кимимаро,Ogawa,Последователь,Alukard,Mirajane,Пчёлка,~TITAN~,Scifsyyh,~KiLLeR~,Тендо Нагато,_Призрак_,TheJoker,StanLee,Хрустальный Лис,Флэш,Корвин,Катаямо,-Sally-,Supa,Grimmjow
20200414,173174,126618,125228,104620,104168,101790,92563,83448,79310,76697,75713,73512,73109,70007,61921,59038,57649,55992,55143,49277,46611,46196,43331,43291,42868,41800,41367,41252,41001,40462,40230,40182,39862,38056,36827,33718,33361,33143,32988,30520,30317,29847,29524,29497,29010,28942,27937,27877,27638,27592,26870,26658,26526,26158,25438,25325,24691,24646,24526,23440,23282,23182,23168,22232,21761,21708,21201,20970,20870,20269,20197,19953,19278,19007,18581,18549,18109,17778,17154,17023,16744,16578,16489,16473,15694,15531,15411,15377,15083,14833,14639,14181,14180,14105,13971,13855,13138,12842,12608,12535
date,Джирайя,Майто Гай,Uchiha Madara,Shisui,Айзен,AloneInTheDark,Rosich,sensey,Юморист,YuRaN III,Нет,Сайдзо,Мастер ИП,Orochimaru,Rock Lee,Rokyro Rau,Tayuya,Хедин,РИДИК,-Tobi-,Kira,KillerNick,Акабане Карма,misha10x10x,Вулкан,DeYsTrave,Sakata Gintoki,Kirishima Touka,Fludo,Конс,Neji Hyuga,Социопат_мл,_Indra_,Леди ангел,Акасуна но Акира,Trigun,Ога Тацуми,Vizer fon Ghoul,Silf,Учиха Хидате,Freir,Гаара,Firebug,Нагато Пейн,СОНЯ,Konan,ArtiGarPotr,Mikadzuki,Andara,-Uchiha-Artem-,Гусь,герцогиня,CM Punk,Izaya Orihara,треш,_ZeuS_,Торуне,Канеки Учиха,Deathstroke,Pain,Младший Брат,Большой Брат,L Lawliet,Garadin,Курама Якумо,mazumuz,тихиЙ ужаС,Ledi,Сбежавший Учиха,Социопат,Brave,Хичиго Широсаки,zzStop,LoLka 80 lvl,ШикамарУ,Изуки Мидория,Тобирама Сенджу,Г а а р а,Djons,Mrak,Кимимаро,Ogawa,Последователь,Alukard,Mirajane,Пчёлка,~TITAN~,Scifsyyh,~KiLLeR~,Тендо Нагато,_Призрак_,TheJoker,StanLee,Хрустальный Лис,Флэш,Корвин,Катаямо,-Sally-,Supa,Grimmjow
20200415,173230,126666,125228,104677,104237,101831,92616,83505,79310,76697,75713,73512,73109,70007,61921,59120,57649,55992,55143,49277,46611,46196,43331,43291,42868,41800,41367,41252,41001,40462,40230,40182,39862,38056,36827,33718,33361,33215,32988,30520,30317,29847,29524,29497,29010,28942,27937,27921,27638,27592,26870,26660,26526,26158,25438,25325,24691,24646,24526,23440,23282,23217,23182,22237,21761,21708,21201,20970,20870,20269,20197,19953,19278,19007,18581,18549,18109,17778,17154,17023,16744,16578,16489,16473,15694,15531,15411,15377,15083,14833,14639,14181,14180,14105,13971,13855,13138,12842,12608,12535
date,Джирайя,Майто Гай,Uchiha Madara,Shisui,Айзен,AloneInTheDark,Rosich,sensey,Юморист,YuRaN III,Нет,Сайдзо,Мастер ИП,Orochimaru,Rock Lee,Rokyro Rau,Tayuya,Хедин,РИДИК,-Tobi-,Kira,KillerNick,Акабане Карма,misha10x10x,Вулкан,DeYsTrave,Sakata Gintoki,Kirishima Touka,Fludo,Конс,Neji Hyuga,Социопат_мл,_Indra_,Леди ангел,Акасуна но Акира,Trigun,Ога Тацуми,Vizer fon Ghoul,Silf,Учиха Хидате,Freir,Гаара,Firebug,Нагато Пейн,СОНЯ,Konan,Mikadzuki,ArtiGarPotr,Andara,-Uchiha-Artem-,Гусь,герцогиня,CM Punk,Izaya Orihara,треш,_ZeuS_,Торуне,Канеки Учиха,Deathstroke,Pain,Младший Брат,Большой Брат,L Lawliet,Garadin,Курама Якумо,mazumuz,тихиЙ ужаС,Ledi,Сбежавший Учиха,Социопат,Brave,Хичиго Широсаки,zzStop,LoLka 80 lvl,ШикамарУ,Изуки Мидория,Тобирама Сенджу,Г а а р а,Djons,Mrak,Кимимаро,Ogawa,Последователь,Alukard,Mirajane,Пчёлка,~TITAN~,Scifsyyh,~KiLLeR~,Тендо Нагато,_Призрак_,TheJoker,StanLee,Хрустальный Лис,Флэш,Корвин,Катаямо,-Sally-,Supa,Grimmjow
20200416,173285,126705,125228,104726,104286,101882,92651,83550,79310,76697,75713,73512,73109,70007,61921,59166,57649,55992,55143,49277,46611,46196,43331,43291,42868,41800,41367,41252,41001,40462,40230,40182,39862,38056,36834,33718,33361,33231,32988,30520,30317,29847,29524,29497,29010,28942,27956,27937,27638,27592,26870,26663,26526,26158,25438,25325,24691,24646,24526,23440,23282,23251,23182,22237,21761,21708,21201,20970,20870,20269,20197,19953,19278,19007,18581,18549,18109,17778,17154,17023,16744,16578,16489,16473,15694,15531,15411,15377,15083,14833,14639,14181,14180,14105,13971,13855,13138,12842,12608,12535
date,Джирайя,Майто Гай,Uchiha Madara,Shisui,Айзен,AloneInTheDark,Rosich,sensey,Юморист,YuRaN III,Нет,Сайдзо,Мастер ИП,Orochimaru,Rock Lee,Rokyro Rau,Tayuya,Хедин,РИДИК,-Tobi-,Kira,KillerNick,Акабане Карма,misha10x10x,Вулкан,DeYsTrave,Sakata Gintoki,Kirishima Touka,Fludo,Конс,Neji Hyuga,Социопат_мл,_Indra_,Леди ангел,Акасуна но Акира,Trigun,Ога Тацуми,Vizer fon Ghoul,Silf,Учиха Хидате,Freir,Гаара,Firebug,Нагато Пейн,СОНЯ,Konan,Mikadzuki,ArtiGarPotr,Andara,-Uchiha-Artem-,Гусь,герцогиня,CM Punk,Izaya Orihara,треш,_ZeuS_,Торуне,Канеки Учиха,Deathstroke,Pain,Большой Брат,Младший Брат,L Lawliet,Garadin,Курама Якумо,mazumuz,тихиЙ ужаС,Ledi,Сбежавший Учиха,Социопат,Brave,Хичиго Широсаки,zzStop,LoLka 80 lvl,ШикамарУ,Изуки Мидория,Тобирама Сенджу,Г а а р а,Djons,Mrak,Кимимаро,Ogawa,Последователь,Alukard,Mirajane,Пчёлка,~TITAN~,Scifsyyh,~KiLLeR~,Тендо Нагато,_Призрак_,TheJoker,StanLee,Хрустальный Лис,Флэш,Корвин,Катаямо,-Sally-,Supa,Grimmjow
20200417,173328,126764,125228,104785,104318,101925,92710,83576,79310,76697,75713,73512,73109,70007,61921,59214,57649,55992,55143,49277,46611,46196,43331,43291,42868,41800,41367,41252,41001,40462,40230,40182,39862,38056,36834,33718,33361,33248,32988,30520,30317,29847,29524,29497,29010,28942,28004,27937,27638,27592,26870,26663,26526,26158,25438,25325,24691,24646,24526,23440,23310,23282,23182,22237,21761,21708,21201,20970,20870,20269,20197,19953,19278,19007,18581,18549,18109,17778,17154,17023,16744,16578,16489,16473,15694,15531,15411,15377,15083,14833,14639,14181,14180,14105,13971,13855,13138,12842,12608,12535
date,Джирайя,Майто Гай,Uchiha Madara,Shisui,Айзен,AloneInTheDark,Rosich,sensey,Юморист,YuRaN III,Нет,Сайдзо,Мастер ИП,Orochimaru,Rock Lee,Rokyro Rau,Tayuya,Хедин,РИДИК,-Tobi-,Kira,KillerNick,Акабане Карма,misha10x10x,Вулкан,DeYsTrave,Sakata Gintoki,Kirishima Touka,Fludo,Конс,Neji Hyuga,Социопат_мл,_Indra_,Леди ангел,Акасуна но Акира,Trigun,Ога Тацуми,Vizer fon Ghoul,Silf,Учиха Хидате,Freir,Гаара,Firebug,Нагато Пейн,СОНЯ,Konan,Mikadzuki,ArtiGarPotr,Andara,-Uchiha-Artem-,Гусь,герцогиня,CM Punk,Izaya Orihara,треш,_ZeuS_,Торуне,Канеки Учиха,Deathstroke,Pain,Большой Брат,Младший Брат,L Lawliet,Garadin,Курама Якумо,mazumuz,тихиЙ ужаС,Ledi,Сбежавший Учиха,Социопат,Brave,Хичиго Широсаки,zzStop,LoLka 80 lvl,ШикамарУ,Изуки Мидория,Тобирама Сенджу,Г а а р а,Djons,Mrak,Кимимаро,Ogawa,Последователь,Alukard,Mirajane,Пчёлка,~TITAN~,Scifsyyh,~KiLLeR~,Тендо Нагато,_Призрак_,TheJoker,StanLee,Хрустальный Лис,Флэш,Корвин,Катаямо,-Sally-,Supa,Grimmjow
20200418,173396,126814,125228,104818,104377,101950,92770,83625,79310,76697,75713,73512,73147,70007,61921,59261,57649,55992,55143,49277,46611,46196,43331,43291,42868,41800,41367,41252,41001,40462,40230,40182,39862,38056,36836,33718,33361,33294,32988,30520,30317,29847,29524,29497,29010,28942,28048,27937,27638,27592,26870,26663,26526,26158,25438,25325,24691,24646,24526,23440,23358,23282,23182,22237,21761,21708,21201,20970,20870,20269,20197,19953,19278,19007,18581,18549,18109,17778,17154,17023,16744,16578,16489,16473,15694,15531,15411,15377,15083,14833,14639,14181,14180,14105,13978,13855,13138,12842,12608,12535
date,Джирайя,Майто Гай,Uchiha Madara,Shisui,Айзен,AloneInTheDark,Rosich,sensey,Юморист,YuRaN III,Нет,Сайдзо,Мастер ИП,Orochimaru,Rock Lee,Rokyro Rau,Tayuya,Хедин,РИДИК,-Tobi-,Kira,KillerNick,Акабане Карма,misha10x10x,Вулкан,DeYsTrave,Sakata Gintoki,Kirishima Touka,Fludo,Конс,Neji Hyuga,Социопат_мл,_Indra_,Леди ангел,Акасуна но Акира,Trigun,Ога Тацуми,Vizer fon Ghoul,Silf,Учиха Хидате,Freir,Гаара,Firebug,Нагато Пейн,СОНЯ,Konan,Mikadzuki,ArtiGarPotr,Andara,-Uchiha-Artem-,Гусь,герцогиня,CM Punk,Izaya Orihara,треш,_ZeuS_,Торуне,Канеки Учиха,Deathstroke,Pain,Большой Брат,Младший Брат,L Lawliet,Garadin,Курама Якумо,mazumuz,тихиЙ ужаС,Ledi,Сбежавший Учиха,Социопат,Brave,Хичиго Широсаки,zzStop,LoLka 80 lvl,ШикамарУ,Изуки Мидория,Тобирама Сенджу,Г а а р а,Djons,Mrak,Кимимаро,Ogawa,Последователь,Alukard,Mirajane,Пчёлка,~TITAN~,Scifsyyh,~KiLLeR~,Тендо Нагато,_Призрак_,TheJoker,StanLee,Хрустальный Лис,Флэш,Корвин,Катаямо,-Sally-,Supa,Grimmjow
20200419,173396,126862,125228,104873,104463,102002,92809,83685,79310,76697,75713,73512,73165,70007,61921,59308,57649,55992,55143,49277,46611,46196,43331,43291,42868,41800,41367,41252,41001,40462,40230,40182,39862,38056,36842,33718,33361,33299,32988,30520,30317,29847,29524,29497,29010,28942,28095,27937,27638,27592,26870,26663,26526,26158,25438,25325,24691,24646,24526,23440,23413,23282,23182,22237,21761,21708,21201,20970,20870,20269,20197,19953,19278,19007,18581,18549,18109,17778,17154,17023,16744,16578,16489,16473,15694,15531,15411,15377,15083,14833,14639,14181,14180,14105,13978,13855,13138,12842,12608,12535
date,Джирайя,Майто Гай,Uchiha Madara,Shisui,Айзен,AloneInTheDark,Rosich,sensey,Юморист,YuRaN III,Нет,Сайдзо,Мастер ИП,Orochimaru,Rock Lee,Rokyro Rau,Tayuya,Хедин,РИДИК,-Tobi-,Kira,KillerNick,Акабане Карма,misha10x10x,Вулкан,DeYsTrave,Sakata Gintoki,Kirishima Touka,Fludo,Конс,Neji Hyuga,Социопат_мл,_Indra_,Леди ангел,Акасуна но Акира,Trigun,Ога Тацуми,Vizer fon Ghoul,Silf,Учиха Хидате,Freir,Гаара,Firebug,Нагато Пейн,СОНЯ,Konan,Mikadzuki,ArtiGarPotr,Andara,-Uchiha-Artem-,Гусь,герцогиня,CM Punk,Izaya Orihara,треш,_ZeuS_,Торуне,Канеки Учиха,Deathstroke,Большой Брат,Pain,Младший Брат,L Lawliet,Garadin,Курама Якумо,mazumuz,тихиЙ ужаС,Ledi,Сбежавший Учиха,Социопат,Brave,Хичиго Широсаки,zzStop,LoLka 80 lvl,ШикамарУ,Изуки Мидория,Тобирама Сенджу,Г а а р а,Djons,Mrak,Кимимаро,Ogawa,Последователь,Alukard,Mirajane,Пчёлка,~TITAN~,Scifsyyh,~KiLLeR~,Тендо Нагато,_Призрак_,TheJoker,StanLee,Хрустальный Лис,Флэш,Корвин,Катаямо,-Sally-,Supa,Grimmjow
20200420,173396,126911,125228,104918,104521,102065,92841,83730,79310,76697,75713,73512,73165,70007,61921,59354,57649,55992,55143,49294,46611,46196,43331,43291,42868,41800,41367,41252,41001,40462,40230,40197,39862,38056,36856,33718,33361,33357,32988,30520,30317,29847,29524,29497,29010,28942,28142,27937,27638,27592,26870,26663,26526,26158,25438,25325,24691,24646,24526,23456,23440,23282,23182,22237,21761,21708,21201,20970,20870,20269,20197,19953,19278,19007,18581,18549,18109,17778,17154,17023,16744,16578,16489,16473,15694,15531,15411,15377,15083,14833,14639,14181,14180,14105,13989,13855,13138,12842,12608,12535
date,Джирайя,Майто Гай,Uchiha Madara,Shisui,Айзен,AloneInTheDark,Rosich,sensey,Юморист,YuRaN III,Нет,Сайдзо,Мастер ИП,Orochimaru,Rock Lee,Rokyro Rau,Tayuya,Хедин,РИДИК,-Tobi-,Kira,KillerNick,Акабане Карма,misha10x10x,Вулкан,DeYsTrave,Sakata Gintoki,Kirishima Touka,Fludo,Конс,Neji Hyuga,Социопат_мл,_Indra_,Леди ангел,Акасуна но Акира,Trigun,Vizer fon Ghoul,Ога Тацуми,Silf,Учиха Хидате,Freir,Гаара,Firebug,Нагато Пейн,СОНЯ,Konan,Mikadzuki,ArtiGarPotr,Andara,-Uchiha-Artem-,Гусь,герцогиня,CM Punk,Izaya Orihara,треш,_ZeuS_,Торуне,Канеки Учиха,Deathstroke,Большой Брат,Pain,Младший Брат,L Lawliet,Garadin,Курама Якумо,mazumuz,тихиЙ ужаС,Ledi,Сбежавший Учиха,Социопат,Brave,Хичиго Широсаки,zzStop,LoLka 80 lvl,ШикамарУ,Изуки Мидория,Тобирама Сенджу,Г а а р а,Djons,Mrak,Кимимаро,Ogawa,Последователь,Alukard,Mirajane,Пчёлка,~TITAN~,Scifsyyh,~KiLLeR~,Тендо Нагато,_Призрак_,TheJoker,StanLee,Хрустальный Лис,Флэш,Корвин,Катаямо,-Sally-,Supa,Grimmjow
20200421,173398,126957,125228,104947,104574,102110,92909,83773,79371,76697,75713,73512,73165,70007,61921,59402,57649,55992,55143,49313,46611,46196,43331,43291,42868,41800,41367,41252,41001,40462,40230,40197,39862,38056,36875,33718,33400,33361,32988,30520,30317,29847,29524,29497,29010,28942,28187,27937,27638,27592,26870,26666,26526,26158,25438,25325,24691,24646,24526,23500,23440,23282,23182,22237,21761,21708,21201,20970,20870,20269,20197,19953,19278,19007,18581,18549,18109,17778,17154,17023,16744,16578,16489,16473,15694,15531,15411,15377,15083,14833,14639,14181,14180,14105,13998,13855,13138,12842,12608,12535
date,Джирайя,Майто Гай,Uchiha Madara,Shisui,Айзен,AloneInTheDark,Rosich,sensey,Юморист,YuRaN III,Нет,Сайдзо,Мастер ИП,Orochimaru,Rock Lee,Rokyro Rau,Tayuya,Хедин,РИДИК,-Tobi-,Kira,KillerNick,Акабане Карма,misha10x10x,Вулкан,DeYsTrave,Sakata Gintoki,Kirishima Touka,Fludo,Конс,Neji Hyuga,Социопат_мл,_Indra_,Леди ангел,Акасуна но Акира,Trigun,Vizer fon Ghoul,Ога Тацуми,Silf,Учиха Хидате,Freir,Гаара,Firebug,Нагато Пейн,СОНЯ,Konan,Mikadzuki,ArtiGarPotr,Andara,-Uchiha-Artem-,Гусь,герцогиня,CM Punk,Izaya Orihara,треш,_ZeuS_,Торуне,Канеки Учиха,Deathstroke,Большой Брат,Pain,Младший Брат,L Lawliet,Garadin,Курама Якумо,mazumuz,тихиЙ ужаС,Ledi,Сбежавший Учиха,Социопат,Brave,Хичиго Широсаки,zzStop,LoLka 80 lvl,ШикамарУ,Изуки Мидория,Тобирама Сенджу,Г а а р а,Djons,Mrak,Кимимаро,Ogawa,Последователь,Alukard,Mirajane,Пчёлка,~TITAN~,Scifsyyh,~KiLLeR~,Тендо Нагато,_Призрак_,TheJoker,StanLee,Хрустальный Лис,Флэш,Корвин,Катаямо,-Sally-,Supa,Grimmjow
20200422,173483,127000,125228,104979,104629,102144,92949,83811,79387,76697,75713,73512,73165,70007,61921,59448,57649,55992,55143,49313,46611,46196,43331,43291,42868,41800,41367,41252,41001,40462,40230,40198,39862,38056,36886,33718,33418,33361,32988,30520,30317,29847,29524,29497,29010,28942,28228,27937,27638,27592,26870,26666,26526,26158,25438,25325,24691,24646,24526,23539,23440,23282,23182,22237,21761,21708,21201,20970,20870,20269,20197,19953,19278,19007,18581,18549,18109,17778,17154,17023,16744,16578,16489,16473,15694,15531,15411,15377,15083,14833,14639,14181,14180,14105,14021,13855,13138,12842,12608,12535
date,Джирайя,Майто Гай,Uchiha Madara,Shisui,Айзен,AloneInTheDark,Rosich,sensey,Юморист,YuRaN III,Нет,Сайдзо,Мастер ИП,Orochimaru,Rock Lee,Rokyro Rau,Tayuya,Хедин,РИДИК,-Tobi-,Kira,KillerNick,Акабане Карма,misha10x10x,Вулкан,DeYsTrave,Sakata Gintoki,Kirishima Touka,Fludo,Конс,Neji Hyuga,Социопат_мл,_Indra_,Леди ангел,Акасуна но Акира,Trigun,Vizer fon Ghoul,Ога Тацуми,Silf,Учиха Хидате,Freir,Гаара,Firebug,Нагато Пейн,СОНЯ,Konan,Mikadzuki,ArtiGarPotr,Andara,-Uchiha-Artem-,Гусь,герцогиня,CM Punk,Izaya Orihara,треш,_ZeuS_,Торуне,Канеки Учиха,Deathstroke,Большой Брат,Pain,Младший Брат,L Lawliet,Garadin,Курама Якумо,mazumuz,тихиЙ ужаС,Ledi,Сбежавший Учиха,Социопат,Brave,Хичиго Широсаки,zzStop,LoLka 80 lvl,ШикамарУ,Изуки Мидория,Тобирама Сенджу,Г а а р а,Djons,Mrak,Кимимаро,Ogawa,Последователь,Alukard,Mirajane,Пчёлка,~TITAN~,Scifsyyh,~KiLLeR~,Тендо Нагато,_Призрак_,TheJoker,StanLee,Хрустальный Лис,Флэш,Корвин,Катаямо,-Sally-,Supa,Grimmjow
20200423,173528,127058,125228,104983,104681,102202,92995,83828,79482,76697,75713,73512,73165,70007,61921,59451,57649,55992,55143,49313,46611,46196,43331,43291,42868,41800,41367,41252,41001,40462,40230,40198,39862,38056,36893,33718,33481,33361,32988,30520,30317,29847,29524,29497,29010,28942,28268,27937,27638,27592,26870,26666,26526,26158,25438,25325,24691,24646,24526,23576,23440,23282,23182,22237,21761,21708,21201,20970,20870,20269,20197,19953,19278,19007,18581,18549,18109,17778,17154,17023,16744,16578,16489,16473,15694,15531,15411,15377,15083,14833,14639,14181,14180,14105,14036,13855,13138,12842,12608,12535
date,Джирайя,Майто Гай,Uchiha Madara,Shisui,Айзен,AloneInTheDark,Rosich,sensey,Юморист,YuRaN III,Нет,Сайдзо,Мастер ИП,Orochimaru,Rock Lee,Rokyro Rau,Tayuya,Хедин,РИДИК,-Tobi-,Kira,KillerNick,Акабане Карма,misha10x10x,Вулкан,DeYsTrave,Sakata Gintoki,Kirishima Touka,Fludo,Конс,Neji Hyuga,Социопат_мл,_Indra_,Леди ангел,Акасуна но Акира,Trigun,Vizer fon Ghoul,Ога Тацуми,Silf,Учиха Хидате,Freir,Гаара,Firebug,Нагато Пейн,СОНЯ,Konan,Mikadzuki,ArtiGarPotr,Andara,-Uchiha-Artem-,Гусь,герцогиня,CM Punk,Izaya Orihara,треш,_ZeuS_,Торуне,Канеки Учиха,Deathstroke,Большой Брат,Pain,Младший Брат,L Lawliet,Garadin,Курама Якумо,mazumuz,тихиЙ ужаС,Ledi,Сбежавший Учиха,Социопат,Brave,Хичиго Широсаки,zzStop,LoLka 80 lvl,ШикамарУ,Изуки Мидория,Тобирама Сенджу,Г а а р а,Djons,Mrak,Кимимаро,Ogawa,Последователь,Alukard,Mirajane,Пчёлка,~TITAN~,Scifsyyh,~KiLLeR~,Тендо Нагато,_Призрак_,TheJoker,StanLee,Хрустальный Лис,Флэш,Корвин,Катаямо,-Sally-,Supa,Grimmjow
20200424,173581,127106,125228,105048,104740,102242,93045,83896,79531,76697,75713,73512,73165,70007,61921,59478,57649,55992,55143,49313,46611,46196,43331,43291,42868,41800,41367,41252,41001,40462,40230,40198,39862,38056,36897,33718,33514,33361,32988,30520,30317,29847,29524,29497,29010,28942,28312,27937,27638,27592,26870,26666,26526,26158,25438,25325,24691,24646,24526,23617,23440,23282,23182,22237,21761,21708,21201,20970,20870,20269,20197,19953,19278,19007,18581,18549,18109,17778,17210,17023,16744,16578,16489,16473,15694,15531,15411,15377,15083,14833,14639,14181,14180,14105,14036,13855,13138,12842,12608,12535
date,Джирайя,Майто Гай,Uchiha Madara,Shisui,Айзен,AloneInTheDark,Rosich,sensey,Юморист,YuRaN III,Нет,Сайдзо,Мастер ИП,Orochimaru,Rock Lee,Rokyro Rau,Tayuya,Хедин,РИДИК,-Tobi-,Kira,KillerNick,Акабане Карма,misha10x10x,Вулкан,DeYsTrave,Sakata Gintoki,Kirishima Touka,Fludo,Конс,Neji Hyuga,Социопат_мл,_Indra_,Леди ангел,Акасуна но Акира,Trigun,Vizer fon Ghoul,Ога Тацуми,Silf,Учиха Хидате,Freir,Гаара,Firebug,Нагато Пейн,СОНЯ,Konan,Mikadzuki,ArtiGarPotr,Andara,-Uchiha-Artem-,Гусь,герцогиня,CM Punk,Izaya Orihara,треш,_ZeuS_,Торуне,Канеки Учиха,Deathstroke,Большой Брат,Pain,Младший Брат,L Lawliet,Garadin,Курама Якумо,mazumuz,тихиЙ ужаС,Ledi,Сбежавший Учиха,Социопат,Brave,Хичиго Широсаки,zzStop,LoLka 80 lvl,ШикамарУ,Изуки Мидория,Тобирама Сенджу,Г а а р а,Djons,Mrak,Кимимаро,Ogawa,Последователь,Alukard,Mirajane,Пчёлка,~TITAN~,Scifsyyh,~KiLLeR~,Тендо Нагато,_Призрак_,TheJoker,StanLee,Хрустальный Лис,Флэш,Корвин,Катаямо,-Sally-,Supa,Grimmjow
20200425,173638,127156,125228,105114,104793,102257,93119,83954,79580,76697,75713,73512,73165,70007,61921,59566,57649,55992,55143,49313,46611,46196,43331,43291,42868,41800,41367,41252,41001,40462,40230,40198,39862,38056,36897,33718,33581,33361,32988,30520,30317,29847,29524,29497,29010,28942,28362,27937,27638,27592,26870,26666,26526,26158,25438,25325,24691,24646,24526,23645,23440,23282,23182,22237,21761,21708,21201,20970,20870,20269,20197,19953,19278,19007,18581,18549,18109,17778,17252,17023,16744,16578,16489,16473,15694,15531,15411,15377,15083,14833,14639,14181,14180,14105,14036,13855,13138,12842,12608,12535
date,Джирайя,Майто Гай,Uchiha Madara,Shisui,Айзен,AloneInTheDark,Rosich,sensey,Юморист,YuRaN III,Нет,Сайдзо,Мастер ИП,Orochimaru,Rock Lee,Rokyro Rau,Tayuya,Хедин,РИДИК,-Tobi-,Kira,KillerNick,Акабане Карма,misha10x10x,Вулкан,DeYsTrave,Sakata Gintoki,Kirishima Touka,Fludo,Конс,Neji Hyuga,Социопат_мл,_Indra_,Леди ангел,Акасуна но Акира,Trigun,Vizer fon Ghoul,Ога Тацуми,Silf,Учиха Хидате,Freir,Гаара,Firebug,Нагато Пейн,СОНЯ,Konan,Mikadzuki,ArtiGarPotr,Andara,-Uchiha-Artem-,Гусь,герцогиня,CM Punk,Izaya Orihara,треш,_ZeuS_,Торуне,Канеки Учиха,Deathstroke,Большой Брат,Pain,Младший Брат,L Lawliet,Garadin,Курама Якумо,mazumuz,тихиЙ ужаС,Ledi,Сбежавший Учиха,Социопат,Brave,Хичиго Широсаки,zzStop,LoLka 80 lvl,ШикамарУ,Изуки Мидория,Тобирама Сенджу,Г а а р а,Djons,Mrak,Кимимаро,Ogawa,Последователь,Alukard,Mirajane,Пчёлка,~TITAN~,Scifsyyh,~KiLLeR~,Тендо Нагато,_Призрак_,TheJoker,StanLee,Хрустальный Лис,Флэш,Корвин,Катаямо,-Sally-,Supa,Grimmjow
20200426,173639,127181,125228,105154,104855,102269,93171,83993,79630,76697,75713,73512,73165,70007,61921,59576,57649,55992,55143,49313,46611,46196,43331,43291,42868,41800,41367,41252,41001,40462,40230,40198,39862,38056,36897,33718,33623,33361,32988,30520,30317,29847,29524,29497,29010,28942,28409,27937,27638,27592,26870,26666,26526,26158,25438,25325,24691,24646,24526,23723,23440,23282,23182,22237,21761,21708,21201,20970,20870,20269,20197,19953,19278,19007,18581,18549,18109,17778,17287,17023,16744,16578,16489,16473,15694,15531,15411,15377,15083,14833,14639,14181,14180,14105,14036,13855,13138,12842,12608,12535
date,Джирайя,Майто Гай,Uchiha Madara,Shisui,Айзен,AloneInTheDark,Rosich,sensey,Юморист,YuRaN III,Нет,Сайдзо,Мастер ИП,Orochimaru,Rock Lee,Rokyro Rau,Tayuya,Хедин,РИДИК,-Tobi-,Kira,KillerNick,Акабане Карма,misha10x10x,Вулкан,DeYsTrave,Sakata Gintoki,Kirishima Touka,Fludo,Конс,Neji Hyuga,Социопат_мл,_Indra_,Леди ангел,Акасуна но Акира,Trigun,Vizer fon Ghoul,Ога Тацуми,Silf,Учиха Хидате,Freir,Гаара,Firebug,Нагато Пейн,СОНЯ,Konan,Mikadzuki,ArtiGarPotr,Andara,-Uchiha-Artem-,Гусь,герцогиня,CM Punk,Izaya Orihara,треш,_ZeuS_,Торуне,Канеки Учиха,Deathstroke,Большой Брат,Pain,Младший Брат,L Lawliet,Garadin,Курама Якумо,mazumuz,тихиЙ ужаС,Ledi,Сбежавший Учиха,Социопат,Brave,Хичиго Широсаки,zzStop,LoLka 80 lvl,ШикамарУ,Изуки Мидория,Тобирама Сенджу,Г а а р а,Djons,Mrak,Кимимаро,Ogawa,Последователь,Alukard,Mirajane,Пчёлка,~TITAN~,Scifsyyh,~KiLLeR~,Тендо Нагато,_Призрак_,TheJoker,StanLee,Хрустальный Лис,Флэш,Корвин,Катаямо,-Sally-,Supa,Grimmjow
20200427,173641,127191,125237,105219,104911,102354,93214,84040,79679,76697,75713,73512,73165,70007,61921,59645,57649,55992,55143,49313,46611,46196,43331,43291,42868,41800,41367,41252,41001,40462,40230,40198,39862,38056,36897,33718,33672,33361,32988,30520,30317,29847,29524,29497,29010,28942,28454,27937,27638,27592,26870,26666,26526,26158,25438,25325,24691,24646,24526,23764,23440,23282,23182,22237,21761,21708,21201,20970,20870,20269,20197,19953,19278,19007,18581,18549,18109,17778,17335,17023,16744,16578,16489,16473,15694,15531,15411,15377,15083,14833,14639,14181,14180,14105,14036,13855,13138,12842,12608,12535
date,Джирайя,Майто Гай,Uchiha Madara,Shisui,Айзен,AloneInTheDark,Rosich,sensey,Юморист,YuRaN III,Нет,Сайдзо,Мастер ИП,Orochimaru,Rock Lee,Rokyro Rau,Tayuya,Хедин,РИДИК,-Tobi-,Kira,KillerNick,Акабане Карма,misha10x10x,Вулкан,DeYsTrave,Sakata Gintoki,Kirishima Touka,Fludo,Конс,Neji Hyuga,Социопат_мл,_Indra_,Леди ангел,Акасуна но Акира,Trigun,Vizer fon Ghoul,Ога Тацуми,Silf,Учиха Хидате,Freir,Гаара,Firebug,Нагато Пейн,СОНЯ,Konan,Mikadzuki,ArtiGarPotr,Andara,-Uchiha-Artem-,Гусь,герцогиня,CM Punk,Izaya Orihara,треш,_ZeuS_,Торуне,Канеки Учиха,Deathstroke,Большой Брат,Pain,Младший Брат,L Lawliet,Garadin,Курама Якумо,mazumuz,тихиЙ ужаС,Ledi,Сбежавший Учиха,Социопат,Brave,Хичиго Широсаки,zzStop,LoLka 80 lvl,ШикамарУ,Изуки Мидория,Тобирама Сенджу,Г а а р а,Djons,Mrak,Кимимаро,Ogawa,Последователь,Alukard,Mirajane,Пчёлка,~TITAN~,Scifsyyh,~KiLLeR~,Тендо Нагато,_Призрак_,TheJoker,StanLee,Хрустальный Лис,Флэш,Корвин,Катаямо,-Sally-,Supa,Слава79312004464
20200428,173712,127281,125237,105256,104952,102355,93259,84088,79729,76697,75713,73512,73165,70007,61921,59692,57649,55992,55143,49313,46611,46196,43331,43291,42868,41800,41367,41252,41001,40462,40230,40198,39862,38056,36897,33718,33717,33361,32988,30520,30317,29847,29524,29497,29010,28942,28496,27937,27638,27592,26870,26666,26526,26158,25438,25325,24691,24646,24526,23812,23440,23282,23182,22237,21761,21708,21201,20970,20870,20269,20197,19953,19278,19007,18581,18549,18109,17778,17377,17023,16744,16578,16489,16473,15694,15531,15411,15377,15083,14833,14639,14181,14180,14105,14036,13855,13138,12842,12608,12579
date,Джирайя,Майто Гай,Uchiha Madara,Shisui,Айзен,AloneInTheDark,Rosich,sensey,Юморист,YuRaN III,Нет,Сайдзо,Мастер ИП,Orochimaru,Rock Lee,Rokyro Rau,Tayuya,Хедин,РИДИК,-Tobi-,Kira,KillerNick,Акабане Карма,misha10x10x,Вулкан,DeYsTrave,Sakata Gintoki,Kirishima Touka,Fludo,Конс,Neji Hyuga,Социопат_мл,_Indra_,Леди ангел,Акасуна но Акира,Vizer fon Ghoul,Trigun,Ога Тацуми,Silf,Учиха Хидате,Freir,Гаара,Firebug,Нагато Пейн,СОНЯ,Konan,Mikadzuki,ArtiGarPotr,Andara,-Uchiha-Artem-,Гусь,герцогиня,CM Punk,Izaya Orihara,треш,_ZeuS_,Торуне,Канеки Учиха,Deathstroke,Большой Брат,Pain,Младший Брат,L Lawliet,Garadin,Курама Якумо,mazumuz,тихиЙ ужаС,Ledi,Сбежавший Учиха,Социопат,Brave,Хичиго Широсаки,zzStop,LoLka 80 lvl,ШикамарУ,Изуки Мидория,Тобирама Сенджу,Г а а р а,Djons,Mrak,Кимимаро,Ogawa,Последователь,Alukard,Mirajane,Пчёлка,~TITAN~,Scifsyyh,~KiLLeR~,Тендо Нагато,_Призрак_,TheJoker,StanLee,Хрустальный Лис,Флэш,Корвин,Катаямо,-Sally-,Слава79312004464,Supa
20200429,173762,127332,125243,105293,105019,102364,93314,84131,79780,76697,75713,73512,73165,70007,61921,59741,57649,55992,55143,49313,46611,46196,43331,43291,42868,41800,41367,41252,41001,40462,40230,40198,39862,38056,36897,33745,33718,33361,32988,30520,30317,29847,29524,29497,29010,28942,28541,27937,27638,27592,26870,26666,26526,26158,25438,25325,24691,24646,24526,23848,23440,23282,23182,22237,21761,21708,21201,20970,20870,20269,20197,19953,19278,19007,18581,18549,18109,17778,17415,17023,16744,16578,16489,16473,15694,15531,15411,15377,15083,14833,14639,14181,14180,14105,14036,13855,13138,12842,12614,12608
date,Джирайя,Майто Гай,Uchiha Madara,Shisui,Айзен,AloneInTheDark,Rosich,sensey,Юморист,YuRaN III,Нет,Сайдзо,Мастер ИП,Orochimaru,Rock Lee,Rokyro Rau,Tayuya,Хедин,РИДИК,-Tobi-,Kira,KillerNick,Акабане Карма,misha10x10x,Вулкан,DeYsTrave,Sakata Gintoki,Kirishima Touka,Fludo,Конс,Neji Hyuga,Социопат_мл,_Indra_,Леди ангел,Акасуна но Акира,Vizer fon Ghoul,Trigun,Ога Тацуми,Silf,Учиха Хидате,Freir,Гаара,Firebug,Нагато Пейн,СОНЯ,Konan,Mikadzuki,ArtiGarPotr,Andara,-Uchiha-Artem-,Гусь,герцогиня,CM Punk,Izaya Orihara,треш,_ZeuS_,Торуне,Канеки Учиха,Deathstroke,Большой Брат,Pain,Младший Брат,L Lawliet,Garadin,Курама Якумо,mazumuz,тихиЙ ужаС,Ledi,Сбежавший Учиха,Социопат,Brave,Хичиго Широсаки,zzStop,LoLka 80 lvl,ШикамарУ,Изуки Мидория,Тобирама Сенджу,Г а а р а,Djons,Mrak,Кимимаро,Ogawa,Последователь,Alukard,Mirajane,Пчёлка,~TITAN~,Scifsyyh,~KiLLeR~,Тендо Нагато,_Призрак_,TheJoker,StanLee,Хрустальный Лис,Флэш,Корвин,Катаямо,-Sally-,Слава79312004464,Supa
20200430,173763,127379,125243,105310,105093,102401,93386,84182,79828,76697,75713,73512,73165,70007,61921,59789,57649,55992,55143,49313,46611,46196,43331,43291,42868,41800,41367,41252,41001,40462,40230,40198,39862,38056,36897,33770,33718,33361,32988,30520,30317,29847,29524,29497,29010,28942,28541,27937,27638,27592,26870,26666,26526,26158,25438,25325,24691,24646,24526,23889,23440,23282,23182,22237,21761,21708,21201,20970,20870,20269,20197,19953,19278,19007,18581,18549,18109,17778,17460,17023,16744,16578,16489,16473,15694,15531,15411,15377,15083,14833,14639,14181,14180,14105,14036,13855,13138,12842,12667,12608
date,Джирайя,Майто Гай,Uchiha Madara,Shisui,Айзен,AloneInTheDark,Rosich,sensey,Юморист,YuRaN III,Нет,Сайдзо,Мастер ИП,Orochimaru,Rock Lee,Rokyro Rau,Tayuya,Хедин,РИДИК,-Tobi-,Kira,KillerNick,Акабане Карма,misha10x10x,Вулкан,DeYsTrave,Sakata Gintoki,Kirishima Touka,Fludo,Конс,Neji Hyuga,Социопат_мл,_Indra_,Леди ангел,Акасуна но Акира,Vizer fon Ghoul,Trigun,Ога Тацуми,Silf,Учиха Хидате,Freir,Гаара,Firebug,Нагато Пейн,СОНЯ,Konan,Mikadzuki,ArtiGarPotr,Andara,-Uchiha-Artem-,Гусь,герцогиня,CM Punk,Izaya Orihara,треш,_ZeuS_,Торуне,Канеки Учиха,Deathstroke,Большой Брат,Pain,Младший Брат,L Lawliet,Garadin,Курама Якумо,mazumuz,тихиЙ ужаС,Ledi,Сбежавший Учиха,Социопат,Brave,Хичиго Широсаки,zzStop,LoLka 80 lvl,ШикамарУ,Изуки Мидория,Тобирама Сенджу,Г а а р а,Djons,Mrak,Кимимаро,Ogawa,Последователь,Alukard,Mirajane,Пчёлка,~TITAN~,Scifsyyh,~KiLLeR~,Тендо Нагато,_Призрак_,TheJoker,StanLee,Хрустальный Лис,Флэш,Корвин,Катаямо,-Sally-,Слава79312004464,Supa
20200501,173807,127426,125243,105312,105144,102463,93436,84198,79868,76697,75713,73512,73165,70007,61921,59795,57649,55992,55143,49366,46611,46196,43331,43291,42868,41800,41367,41252,41001,40462,40230,40198,39862,38056,36897,33824,33718,33361,32988,30520,30317,29847,29524,29497,29010,28942,28593,27937,27638,27592,26870,26666,26526,26158,25438,25325,24691,24646,24526,23931,23440,23282,23182,22237,21761,21708,21201,20970,20870,20269,20197,19953,19278,19007,18581,18549,18109,17778,17501,17023,16744,16578,16489,16473,15694,15531,15411,15377,15083,14833,14639,14181,14180,14105,14036,13855,13138,12842,12698,12608
date,Джирайя,Майто Гай,Uchiha Madara,Shisui,Айзен,AloneInTheDark,Rosich,sensey,Юморист,YuRaN III,Нет,Сайдзо,Мастер ИП,Orochimaru,Rock Lee,Rokyro Rau,Tayuya,Хедин,РИДИК,-Tobi-,Kira,KillerNick,Акабане Карма,misha10x10x,Вулкан,DeYsTrave,Sakata Gintoki,Kirishima Touka,Fludo,Конс,Neji Hyuga,Социопат_мл,_Indra_,Леди ангел,Акасуна но Акира,Vizer fon Ghoul,Trigun,Ога Тацуми,Silf,Учиха Хидате,Freir,Гаара,Firebug,Нагато Пейн,СОНЯ,Konan,Mikadzuki,ArtiGarPotr,Andara,-Uchiha-Artem-,Гусь,герцогиня,CM Punk,Izaya Orihara,треш,_ZeuS_,Торуне,Канеки Учиха,Deathstroke,Большой Брат,Pain,Младший Брат,L Lawliet,Garadin,Курама Якумо,mazumuz,тихиЙ ужаС,Ledi,Сбежавший Учиха,Социопат,Brave,Хичиго Широсаки,zzStop,LoLka 80 lvl,ШикамарУ,Изуки Мидория,Тобирама Сенджу,Г а а р а,Djons,Mrak,Кимимаро,Ogawa,Последователь,Alukard,Mirajane,Пчёлка,~TITAN~,Scifsyyh,~KiLLeR~,Тендо Нагато,_Призрак_,TheJoker,StanLee,Хрустальный Лис,Флэш,Корвин,Катаямо,-Sally-,Слава79312004464,Supa
20200502,173808,127444,125243,105312,105222,102509,93482,84270,79929,76697,75713,73512,73165,70007,61921,59877,57649,55992,55143,49431,46611,46196,43331,43291,42868,41800,41367,41252,41001,40462,40230,40198,39862,38056,36897,33851,33718,33361,32988,30520,30317,29847,29524,29497,29010,28942,28636,27937,27638,27592,26870,26666,26526,26158,25438,25325,24691,24646,24526,23984,23440,23282,23182,22237,21761,21708,21201,20970,20870,20269,20197,19953,19278,19007,18581,18549,18109,17778,17542,17023,16744,16578,16489,16473,15694,15531,15411,15377,15083,14833,14639,14181,14180,14105,14036,13855,13138,12842,12737,12608
date,Джирайя,Майто Гай,Uchiha Madara,Shisui,Айзен,AloneInTheDark,Rosich,sensey,Юморист,YuRaN III,Нет,Сайдзо,Мастер ИП,Orochimaru,Rock Lee,Rokyro Rau,Tayuya,Хедин,РИДИК,-Tobi-,Kira,KillerNick,Акабане Карма,misha10x10x,Вулкан,DeYsTrave,Sakata Gintoki,Kirishima Touka,Fludo,Конс,Neji Hyuga,Социопат_мл,_Indra_,Леди ангел,Акасуна но Акира,Vizer fon Ghoul,Trigun,Ога Тацуми,Silf,Учиха Хидате,Freir,Гаара,Firebug,Нагато Пейн,СОНЯ,Konan,Mikadzuki,ArtiGarPotr,Andara,-Uchiha-Artem-,Гусь,герцогиня,CM Punk,Izaya Orihara,треш,_ZeuS_,Торуне,Канеки Учиха,Deathstroke,Большой Брат,Pain,Младший Брат,L Lawliet,Garadin,Курама Якумо,mazumuz,тихиЙ ужаС,Ledi,Сбежавший Учиха,Социопат,Brave,Хичиго Широсаки,zzStop,LoLka 80 lvl,ШикамарУ,Изуки Мидория,Тобирама Сенджу,Г а а р а,Djons,Mrak,Кимимаро,Ogawa,Последователь,Alukard,Mirajane,Пчёлка,~TITAN~,Scifsyyh,~KiLLeR~,Тендо Нагато,_Призрак_,TheJoker,StanLee,Хрустальный Лис,Флэш,Корвин,Катаямо,-Sally-,Слава79312004464,Supa
20200503,173811,127461,125243,105338,105284,102540,93516,84316,79964,76697,75713,73512,73165,70007,61921,59922,57649,55992,55143,49457,46611,46196,43331,43291,42868,41800,41367,41252,41001,40462,40230,40198,39862,38056,36897,33929,33718,33361,32988,30520,30317,29847,29524,29497,29010,28942,28683,27937,27638,27592,26870,26666,26526,26158,25438,25325,24691,24646,24526,24010,23440,23282,23182,22237,21761,21708,21201,20970,20870,20269,20197,19953,19278,19007,18581,18549,18109,17778,17584,17023,16744,16578,16489,16473,15694,15531,15411,15377,15083,14833,14639,14181,14180,14105,14036,13855,13138,12842,12737,12608
date,Джирайя,Майто Гай,Uchiha Madara,Shisui,Айзен,AloneInTheDark,Rosich,sensey,Юморист,YuRaN III,Нет,Сайдзо,Мастер ИП,Orochimaru,Rock Lee,Rokyro Rau,Tayuya,Хедин,РИДИК,-Tobi-,Kira,KillerNick,Акабане Карма,misha10x10x,Вулкан,DeYsTrave,Sakata Gintoki,Kirishima Touka,Fludo,Конс,Neji Hyuga,Социопат_мл,_Indra_,Леди ангел,Акасуна но Акира,Vizer fon Ghoul,Trigun,Ога Тацуми,Silf,Учиха Хидате,Freir,Гаара,Firebug,Нагато Пейн,СОНЯ,Konan,Mikadzuki,ArtiGarPotr,Andara,-Uchiha-Artem-,Гусь,герцогиня,CM Punk,Izaya Orihara,треш,_ZeuS_,Торуне,Канеки Учиха,Deathstroke,Большой Брат,Pain,Младший Брат,L Lawliet,Garadin,Курама Якумо,mazumuz,тихиЙ ужаС,Ledi,Сбежавший Учиха,Социопат,Brave,Хичиго Широсаки,zzStop,LoLka 80 lvl,ШикамарУ,Изуки Мидория,Тобирама Сенджу,Г а а р а,Djons,Mrak,Кимимаро,Ogawa,Последователь,Alukard,Mirajane,Пчёлка,~TITAN~,Scifsyyh,~KiLLeR~,Тендо Нагато,_Призрак_,TheJoker,StanLee,Хрустальный Лис,Флэш,Корвин,Катаямо,-Sally-,Слава79312004464,Supa
20200504,173813,127551,125243,105359,105337,102584,93568,84361,80028,76697,75713,73512,73165,70007,61921,59963,57649,55992,55143,49510,46611,46196,43331,43291,42868,41800,41367,41252,41001,40462,40230,40198,39862,38056,36897,33941,33718,33361,32988,30520,30317,29847,29524,29497,29010,28942,28727,27937,27638,27592,26870,26666,26526,26158,25438,25325,24691,24646,24526,24063,23440,23282,23182,22237,21761,21708,21201,20970,20870,20269,20197,19953,19278,19007,18581,18549,18109,17778,17625,17023,16744,16578,16489,16473,15694,15531,15411,15377,15083,14833,14639,14181,14180,14105,14036,13855,13138,12842,12737,12608
date,Джирайя,Майто Гай,Uchiha Madara,Shisui,Айзен,AloneInTheDark,Rosich,sensey,Юморист,YuRaN III,Нет,Сайдзо,Мастер ИП,Orochimaru,Rock Lee,Rokyro Rau,Tayuya,Хедин,РИДИК,-Tobi-,Kira,KillerNick,Акабане Карма,misha10x10x,Вулкан,DeYsTrave,Sakata Gintoki,Kirishima Touka,Fludo,Конс,Neji Hyuga,Социопат_мл,_Indra_,Леди ангел,Акасуна но Акира,Vizer fon Ghoul,Trigun,Ога Тацуми,Silf,Учиха Хидате,Freir,Гаара,Firebug,Нагато Пейн,СОНЯ,Konan,Mikadzuki,ArtiGarPotr,Andara,-Uchiha-Artem-,Гусь,герцогиня,CM Punk,Izaya Orihara,треш,_ZeuS_,Торуне,Канеки Учиха,Deathstroke,Большой Брат,Pain,Младший Брат,L Lawliet,Garadin,Курама Якумо,mazumuz,тихиЙ ужаС,Ledi,Сбежавший Учиха,Социопат,Brave,Хичиго Широсаки,zzStop,LoLka 80 lvl,ШикамарУ,Изуки Мидория,Тобирама Сенджу,Г а а р а,Djons,Mrak,Кимимаро,Ogawa,Последователь,Alukard,Mirajane,Пчёлка,~TITAN~,Scifsyyh,~KiLLeR~,Тендо Нагато,_Призрак_,TheJoker,StanLee,Хрустальный Лис,Флэш,Корвин,Катаямо,-Sally-,Слава79312004464,Supa
20200505,173873,127599,125248,105426,105394,102644,93619,84406,80076,76697,75713,73512,73165,70007,61921,59978,57649,55992,55143,49531,46611,46196,43331,43291,42868,41800,41367,41252,41001,40462,40230,40198,39862,38056,36897,34002,33718,33361,32988,30520,30317,29847,29524,29497,29010,28942,28767,27937,27638,27592,26870,26666,26526,26158,25438,25325,24691,24646,24526,24114,23440,23282,23182,22237,21761,21708,21201,20970,20870,20269,20197,19953,19278,19007,18581,18549,18109,17778,17657,17023,16744,16578,16489,16473,15694,15531,15411,15377,15083,14833,14639,14181,14180,14105,14036,13855,13138,12842,12756,12608
date,Джирайя,Майто Гай,Uchiha Madara,Shisui,Айзен,AloneInTheDark,Rosich,sensey,Юморист,YuRaN III,Нет,Сайдзо,Мастер ИП,Orochimaru,Rock Lee,Rokyro Rau,Tayuya,Хедин,РИДИК,-Tobi-,Kira,KillerNick,Акабане Карма,misha10x10x,Вулкан,DeYsTrave,Sakata Gintoki,Kirishima Touka,Fludo,Конс,Neji Hyuga,Социопат_мл,_Indra_,Леди ангел,Акасуна но Акира,Vizer fon Ghoul,Trigun,Ога Тацуми,Silf,Учиха Хидате,Freir,Гаара,Firebug,Нагато Пейн,СОНЯ,Konan,Mikadzuki,ArtiGarPotr,Andara,-Uchiha-Artem-,Гусь,герцогиня,CM Punk,Izaya Orihara,треш,_ZeuS_,Торуне,Канеки Учиха,Deathstroke,Большой Брат,Pain,Младший Брат,L Lawliet,Garadin,Курама Якумо,mazumuz,тихиЙ ужаС,Ledi,Сбежавший Учиха,Социопат,Brave,Хичиго Широсаки,zzStop,LoLka 80 lvl,ШикамарУ,Изуки Мидория,Тобирама Сенджу,Г а а р а,Djons,Mrak,Кимимаро,Ogawa,Последователь,Alukard,Mirajane,Пчёлка,~TITAN~,Scifsyyh,~KiLLeR~,Тендо Нагато,_Призрак_,TheJoker,StanLee,Хрустальный Лис,Флэш,Корвин,Катаямо,-Sally-,Слава79312004464,Supa
20200506,173937,127650,125259,105457,105446,102690,93675,84448,80126,76697,75713,73512,73165,70058,61921,60066,57649,55992,55148,49585,46611,46196,43331,43291,42868,41800,41367,41252,41001,40462,40230,40198,39862,38056,36897,34015,33718,33361,32988,30520,30317,29847,29524,29497,29010,28942,28816,27937,27638,27592,26870,26666,26526,26158,25438,25325,24691,24646,24526,24161,23440,23282,23182,22237,21761,21708,21201,20970,20870,20269,20197,19953,19278,19007,18581,18549,18109,17778,17708,17023,16744,16578,16489,16473,15694,15531,15411,15377,15083,14833,14639,14181,14180,14105,14036,13855,13138,12842,12829,12608
date,Джирайя,Майто Гай,Uchiha Madara,Айзен,Shisui,AloneInTheDark,Rosich,sensey,Юморист,YuRaN III,Нет,Сайдзо,Мастер ИП,Orochimaru,Rock Lee,Rokyro Rau,Tayuya,Хедин,РИДИК,-Tobi-,Kira,KillerNick,Акабане Карма,misha10x10x,Вулкан,DeYsTrave,Sakata Gintoki,Kirishima Touka,Fludo,Конс,Neji Hyuga,Социопат_мл,_Indra_,Леди ангел,Акасуна но Акира,Vizer fon Ghoul,Trigun,Ога Тацуми,Silf,Учиха Хидате,Freir,Гаара,Firebug,Нагато Пейн,СОНЯ,Konan,Mikadzuki,ArtiGarPotr,Andara,-Uchiha-Artem-,Гусь,герцогиня,CM Punk,Izaya Orihara,треш,_ZeuS_,Торуне,Канеки Учиха,Deathstroke,Большой Брат,Pain,Младший Брат,L Lawliet,Garadin,Курама Якумо,mazumuz,тихиЙ ужаС,Ledi,Сбежавший Учиха,Социопат,Brave,Хичиго Широсаки,zzStop,LoLka 80 lvl,ШикамарУ,Изуки Мидория,Тобирама Сенджу,Г а а р а,Djons,Mrak,Кимимаро,Ogawa,Последователь,Alukard,Mirajane,Пчёлка,~TITAN~,Scifsyyh,~KiLLeR~,Тендо Нагато,_Призрак_,TheJoker,StanLee,Хрустальный Лис,Флэш,Корвин,Катаямо,Слава79312004464,-Sally-,Supa
20200507,173979,127699,125338,105507,105457,102733,93724,84493,80176,76697,75713,73512,73165,70058,61921,60112,57649,55992,55148,49626,46611,46196,43331,43291,42868,41800,41367,41252,41001,40462,40230,40198,39862,38056,36897,34036,33718,33361,32988,30520,30317,29847,29524,29497,29010,28942,28862,27937,27638,27592,26870,26666,26526,26158,25438,25325,24691,24646,24526,24203,23440,23282,23182,22237,21761,21708,21201,20970,20870,20269,20197,19953,19278,19007,18581,18549,18109,17778,17745,17023,16744,16578,16489,16473,15694,15531,15411,15377,15083,14833,14639,14181,14180,14105,14036,13855,13138,12866,12842,12608
date,Джирайя,Майто Гай,Uchiha Madara,Айзен,Shisui,AloneInTheDark,Rosich,sensey,Юморист,YuRaN III,Нет,Сайдзо,Мастер ИП,Orochimaru,Rock Lee,Rokyro Rau,Tayuya,Хедин,РИДИК,-Tobi-,Kira,KillerNick,Акабане Карма,misha10x10x,Вулкан,DeYsTrave,Sakata Gintoki,Kirishima Touka,Fludo,Конс,Neji Hyuga,Социопат_мл,_Indra_,Леди ангел,Акасуна но Акира,Vizer fon Ghoul,Trigun,Ога Тацуми,Silf,Учиха Хидате,Freir,Гаара,Firebug,Нагато Пейн,СОНЯ,Konan,Mikadzuki,ArtiGarPotr,Andara,-Uchiha-Artem-,Гусь,герцогиня,CM Punk,Izaya Orihara,треш,_ZeuS_,Торуне,Канеки Учиха,Deathstroke,Большой Брат,Pain,Младший Брат,L Lawliet,Garadin,Курама Якумо,mazumuz,тихиЙ ужаС,Ledi,Сбежавший Учиха,Социопат,Brave,Хичиго Широсаки,zzStop,LoLka 80 lvl,ШикамарУ,Изуки Мидория,Тобирама Сенджу,Djons,Г а а р а,Mrak,Кимимаро,Ogawa,Последователь,Alukard,Mirajane,Пчёлка,~TITAN~,Scifsyyh,~KiLLeR~,Тендо Нагато,_Призрак_,TheJoker,StanLee,Хрустальный Лис,Флэш,Корвин,Катаямо,Слава79312004464,-Sally-,Supa
20200508,174041,127747,125381,105574,105457,102745,93805,84532,80226,76697,75713,73512,73165,70058,61921,60121,57649,55992,55148,49663,46611,46196,43331,43291,42868,41800,41367,41252,41001,40462,40230,40198,39862,38056,36897,34107,33718,33361,32988,30520,30317,29847,29524,29497,29010,28942,28908,27937,27638,27592,26870,26666,26526,26158,25438,25325,24691,24646,24526,24248,23440,23282,23182,22237,21761,21708,21201,20970,20870,20269,20197,19953,19278,19007,18581,18549,18109,17781,17778,17023,16744,16578,16489,16473,15694,15531,15411,15377,15083,14833,14639,14181,14180,14105,14036,13855,13138,12898,12842,12608
date,Джирайя,Майто Гай,Uchiha Madara,Айзен,Shisui,AloneInTheDark,Rosich,sensey,Юморист,YuRaN III,Нет,Сайдзо,Мастер ИП,Orochimaru,Rock Lee,Rokyro Rau,Tayuya,Хедин,РИДИК,-Tobi-,Kira,KillerNick,Акабане Карма,misha10x10x,Вулкан,DeYsTrave,Sakata Gintoki,Kirishima Touka,Fludo,Конс,Neji Hyuga,Социопат_мл,_Indra_,Леди ангел,Акасуна но Акира,Vizer fon Ghoul,Trigun,Ога Тацуми,Silf,Учиха Хидате,Freir,Гаара,Firebug,Нагато Пейн,СОНЯ,Mikadzuki,Konan,ArtiGarPotr,Andara,-Uchiha-Artem-,Гусь,герцогиня,CM Punk,Izaya Orihara,треш,_ZeuS_,Торуне,Канеки Учиха,Deathstroke,Большой Брат,Pain,Младший Брат,L Lawliet,Garadin,Курама Якумо,mazumuz,тихиЙ ужаС,Ledi,Сбежавший Учиха,Социопат,Brave,Хичиго Широсаки,zzStop,LoLka 80 lvl,ШикамарУ,Изуки Мидория,Тобирама Сенджу,Djons,Г а а р а,Mrak,Кимимаро,Ogawa,Последователь,Alukard,Mirajane,Пчёлка,~TITAN~,Scifsyyh,~KiLLeR~,Тендо Нагато,_Призрак_,TheJoker,StanLee,Хрустальный Лис,Флэш,Корвин,Катаямо,Слава79312004464,-Sally-,Supa
20200509,174087,127796,125452,105647,105457,102811,93835,84583,80277,76697,75713,73512,73173,70058,61921,60206,57649,56044,55148,49679,46611,46196,43331,43291,42868,41800,41367,41252,41001,40462,40230,40198,39862,38056,36897,34125,33718,33361,32988,30520,30317,29847,29524,29497,29010,28951,28942,27937,27638,27592,26870,26666,26526,26158,25438,25325,24691,24646,24526,24274,23440,23283,23182,22237,21761,21708,21201,20970,20870,20269,20197,19953,19278,19007,18581,18549,18109,17828,17778,17023,16744,16578,16489,16473,15694,15531,15411,15377,15083,14833,14639,14181,14180,14105,14036,13855,13138,12920,12842,12608
date,Джирайя,Майто Гай,Uchiha Madara,Айзен,Shisui,AloneInTheDark,Rosich,sensey,Юморист,YuRaN III,Нет,Сайдзо,Мастер ИП,Orochimaru,Rock Lee,Rokyro Rau,Tayuya,Хедин,РИДИК,-Tobi-,Kira,KillerNick,Акабане Карма,misha10x10x,Вулкан,DeYsTrave,Sakata Gintoki,Kirishima Touka,Fludo,Конс,Neji Hyuga,Социопат_мл,_Indra_,Леди ангел,Акасуна но Акира,Vizer fon Ghoul,Trigun,Ога Тацуми,Silf,Учиха Хидате,Freir,Гаара,Firebug,Нагато Пейн,СОНЯ,Mikadzuki,Konan,ArtiGarPotr,Andara,-Uchiha-Artem-,Гусь,герцогиня,CM Punk,Izaya Orihara,треш,_ZeuS_,Торуне,Канеки Учиха,Deathstroke,Большой Брат,Pain,Младший Брат,L Lawliet,Garadin,Курама Якумо,mazumuz,тихиЙ ужаС,Ledi,Сбежавший Учиха,Социопат,Brave,Хичиго Широсаки,zzStop,LoLka 80 lvl,ШикамарУ,Изуки Мидория,Тобирама Сенджу,Djons,Г а а р а,Mrak,Кимимаро,Ogawa,Последователь,Alukard,Mirajane,Пчёлка,~TITAN~,Scifsyyh,~KiLLeR~,Тендо Нагато,_Призрак_,TheJoker,StanLee,Хрустальный Лис,Флэш,Корвин,Катаямо,Слава79312004464,-Sally-,Supa
20200510,174087,127844,125833,106243,105677,102868,93882,84768,80488,76697,75713,73512,73173,70061,61921,60345,57649,56233,55147,49755,46611,46196,43331,43291,42868,41800,41367,41359,41001,40462,40230,40198,39862,38056,36897,34177,33718,33361,32988,30520,30317,29847,29524,29497,29010,28998,28942,27937,27638,27592,26870,26666,26526,26158,25438,25325,24691,24646,24526,24401,23440,23283,23182,22237,21761,21708,21201,20970,20870,20269,20197,19953,19278,19032,18581,18549,18109,17871,17835,17023,16744,16578,16490,16473,15694,15531,15414,15377,15083,14887,14639,14181,14180,14105,14036,13855,13138,12989,12842,12608
date,Джирайя,Майто Гай,Uchiha Madara,Айзен,Shisui,AloneInTheDark,Rosich,sensey,Юморист,YuRaN III,Нет,Сайдзо,Мастер ИП,Orochimaru,Rock Lee,Rokyro Rau,Tayuya,Хедин,РИДИК,-Tobi-,Kira,KillerNick,Акабане Карма,misha10x10x,Вулкан,DeYsTrave,Kirishima Touka,Sakata Gintoki,Fludo,Конс,Социопат_мл,Neji Hyuga,_Indra_,Леди ангел,Акасуна но Акира,Vizer fon Ghoul,Trigun,Ога Тацуми,Silf,Учиха Хидате,Freir,Гаара,Firebug,Нагато Пейн,Mikadzuki,СОНЯ,Konan,ArtiGarPotr,Andara,-Uchiha-Artem-,Гусь,герцогиня,CM Punk,Izaya Orihara,треш,_ZeuS_,Торуне,Канеки Учиха,Deathstroke,Большой Брат,Pain,Младший Брат,L Lawliet,Garadin,Курама Якумо,mazumuz,тихиЙ ужаС,Ledi,Сбежавший Учиха,Социопат,Brave,Хичиго Широсаки,zzStop,LoLka 80 lvl,ШикамарУ,Изуки Мидория,Тобирама Сенджу,Г а а р а,Djons,Mrak,Кимимаро,Ogawa,Последователь,Alukard,Mirajane,Пчёлка,~TITAN~,Scifsyyh,~KiLLeR~,Тендо Нагато,_Призрак_,TheJoker,StanLee,Хрустальный Лис,Флэш,Корвин,Катаямо,Слава79312004464,-Sally-,Supa
20200511,174087,127893,126224,106517,105777,102904,94054,84803,80535,76697,75713,73512,73173,70061,61921,60431,57649,56281,55147,49891,46611,46196,43331,43291,42868,41800,41421,41367,41001,40462,40288,40230,39862,38056,36898,34225,33718,33361,32988,30520,30317,29847,29524,29497,29051,29010,28942,27937,27638,27592,26870,26666,26526,26158,25438,25325,24691,24646,24526,24450,23440,23283,23182,22237,21761,21708,21201,20970,20870,20269,20197,19953,19278,19032,18581,18549,18109,18015,17916,17023,16744,16578,16514,16473,15694,15531,15414,15377,15083,15066,14639,14181,14180,14105,14036,13855,13138,13027,12848,12608
date,Джирайя,Майто Гай,Uchiha Madara,Айзен,Shisui,AloneInTheDark,Rosich,sensey,Юморист,YuRaN III,Нет,Сайдзо,Мастер ИП,Orochimaru,Rock Lee,Rokyro Rau,Tayuya,Хедин,РИДИК,-Tobi-,Kira,KillerNick,Акабане Карма,misha10x10x,Вулкан,DeYsTrave,Kirishima Touka,Sakata Gintoki,Fludo,Конс,Социопат_мл,Neji Hyuga,_Indra_,Леди ангел,Акасуна но Акира,Vizer fon Ghoul,Trigun,Ога Тацуми,Silf,Учиха Хидате,Freir,Гаара,Firebug,Нагато Пейн,Mikadzuki,СОНЯ,Konan,ArtiGarPotr,Andara,-Uchiha-Artem-,Гусь,герцогиня,CM Punk,Izaya Orihara,треш,_ZeuS_,Торуне,Канеки Учиха,Deathstroke,Большой Брат,Pain,Младший Брат,L Lawliet,Garadin,Курама Якумо,mazumuz,тихиЙ ужаС,Ledi,Сбежавший Учиха,Социопат,Brave,Хичиго Широсаки,zzStop,LoLka 80 lvl,ШикамарУ,Изуки Мидория,Тобирама Сенджу,Г а а р а,Djons,Mrak,Кимимаро,Ogawa,Последователь,Alukard,Mirajane,Пчёлка,~TITAN~,Scifsyyh,Тендо Нагато,~KiLLeR~,_Призрак_,TheJoker,StanLee,Хрустальный Лис,Флэш,Корвин,Катаямо,Слава79312004464,-Sally-,Supa
20200512,174087,127945,126301,106619,106025,102962,94154,84824,80673,76697,75713,73512,73173,70061,61921,60477,57649,56301,55147,49968,46611,46196,43331,43291,42868,41800,41639,41367,41001,40462,40413,40230,39862,38056,36898,34256,33718,33361,32988,30520,30317,29847,29524,29497,29086,29010,28942,27937,27638,27592,26870,26666,26526,26158,25438,25325,24691,24646,24526,24513,23440,23283,23182,22237,21761,21708,21201,20970,20870,20269,20197,19953,19278,19032,18581,18549,18109,18051,17954,17023,16744,16578,16541,16473,15694,15531,15414,15377,15101,15083,14639,14181,14180,14105,14036,13855,13138,13073,12906,12608
date,Джирайя,Майто Гай,Uchiha Madara,Айзен,Shisui,AloneInTheDark,Rosich,sensey,Юморист,YuRaN III,Нет,Сайдзо,Мастер ИП,Orochimaru,Rock Lee,Rokyro Rau,Tayuya,Хедин,РИДИК,-Tobi-,Kira,KillerNick,Акабане Карма,misha10x10x,Вулкан,DeYsTrave,Kirishima Touka,Sakata Gintoki,Fludo,Конс,Социопат_мл,Neji Hyuga,_Indra_,Леди ангел,Акасуна но Акира,Vizer fon Ghoul,Trigun,Ога Тацуми,Silf,Учиха Хидате,Freir,Гаара,Firebug,Нагато Пейн,Mikadzuki,СОНЯ,Konan,ArtiGarPotr,Andara,-Uchiha-Artem-,Гусь,герцогиня,CM Punk,Izaya Orihara,треш,_ZeuS_,Торуне,Канеки Учиха,Большой Брат,Deathstroke,Pain,Младший Брат,L Lawliet,Garadin,Курама Якумо,mazumuz,тихиЙ ужаС,Ledi,Сбежавший Учиха,Социопат,Brave,Хичиго Широсаки,zzStop,LoLka 80 lvl,ШикамарУ,Изуки Мидория,Тобирама Сенджу,Г а а р а,Djons,Mrak,Кимимаро,Ogawa,Последователь,Alukard,Mirajane,Пчёлка,~TITAN~,Scifsyyh,Тендо Нагато,~KiLLeR~,_Призрак_,TheJoker,StanLee,Хрустальный Лис,Флэш,Корвин,Катаямо,Слава79312004464,-Sally-,Supa
20200513,174157,127995,126382,106726,106357,103006,94210,84901,80876,76697,75713,73512,73173,70061,61921,60524,57649,56351,55147,50030,46611,46196,43331,43291,42868,41800,41779,41367,41001,40462,40413,40230,39862,38056,36899,34342,33718,33361,32988,30520,30317,29847,29524,29497,29147,29010,28942,27937,27638,27592,26870,26666,26526,26158,25438,25325,24691,24646,24602,24526,23440,23283,23182,22237,21761,21708,21201,20970,20870,20269,20197,19953,19278,19032,18581,18549,18109,18052,17999,17023,16744,16578,16553,16473,15694,15531,15414,15377,15110,15083,14639,14181,14180,14105,14036,13855,13138,13115,13047,12608
date,Джирайя,Майто Гай,Uchiha Madara,Айзен,Shisui,AloneInTheDark,Rosich,sensey,Юморист,YuRaN III,Нет,Сайдзо,Мастер ИП,Orochimaru,Rock Lee,Rokyro Rau,Tayuya,Хедин,РИДИК,-Tobi-,Kira,KillerNick,Акабане Карма,misha10x10x,Вулкан,Kirishima Touka,DeYsTrave,Sakata Gintoki,Fludo,Конс,Социопат_мл,Neji Hyuga,_Indra_,Леди ангел,Акасуна но Акира,Vizer fon Ghoul,Trigun,Ога Тацуми,Silf,Учиха Хидате,Freir,Гаара,Firebug,Нагато Пейн,Mikadzuki,СОНЯ,Konan,ArtiGarPotr,Andara,-Uchiha-Artem-,Гусь,герцогиня,CM Punk,Izaya Orihara,треш,_ZeuS_,Торуне,Канеки Учиха,Большой Брат,Deathstroke,Pain,Младший Брат,L Lawliet,Garadin,Курама Якумо,mazumuz,тихиЙ ужаС,Ledi,Сбежавший Учиха,Социопат,Brave,Хичиго Широсаки,zzStop,LoLka 80 lvl,ШикамарУ,Изуки Мидория,Тобирама Сенджу,Г а а р а,Djons,Mrak,Кимимаро,Последователь,Ogawa,Alukard,Mirajane,Пчёлка,~TITAN~,Scifsyyh,Тендо Нагато,~KiLLeR~,_Призрак_,TheJoker,StanLee,Хрустальный Лис,Флэш,Корвин,Слава79312004464,Катаямо,-Sally-,Supa
20200514,174161,128044,126453,106816,106415,103053,94254,84948,80927,76697,75713,73512,73173,70061,61921,60572,57649,56417,55147,50039,46623,46196,43331,43291,42868,41853,41800,41367,41001,40462,40413,40230,39862,38056,36899,34436,33718,33361,32988,30520,30317,29847,29524,29497,29194,29010,28942,27937,27638,27592,26870,26666,26526,26158,25438,25325,24691,24646,24646,24526,23440,23283,23182,22237,21761,21708,21201,20970,20870,20269,20197,19953,19278,19032,18581,18549,18109,18052,18041,17023,16744,16589,16578,16473,15694,15531,15414,15377,15110,15083,14639,14181,14180,14105,14036,13855,13142,13138,13077,12608
date,Джирайя,Майто Гай,Uchiha Madara,Айзен,Shisui,AloneInTheDark,Rosich,sensey,Юморист,YuRaN III,Нет,Сайдзо,Мастер ИП,Orochimaru,Rock Lee,Rokyro Rau,Tayuya,Хедин,РИДИК,-Tobi-,Kira,KillerNick,Акабане Карма,misha10x10x,Вулкан,Kirishima Touka,DeYsTrave,Sakata Gintoki,Fludo,Конс,Социопат_мл,Neji Hyuga,_Indra_,Леди ангел,Акасуна но Акира,Vizer fon Ghoul,Trigun,Ога Тацуми,Silf,Учиха Хидате,Freir,Гаара,Firebug,Нагато Пейн,Mikadzuki,СОНЯ,Konan,ArtiGarPotr,Andara,-Uchiha-Artem-,Гусь,герцогиня,CM Punk,Izaya Orihara,треш,_ZeuS_,Торуне,Большой Брат,Канеки Учиха,Deathstroke,Pain,Младший Брат,L Lawliet,Garadin,Курама Якумо,mazumuz,тихиЙ ужаС,Ledi,Сбежавший Учиха,Социопат,Brave,Хичиго Широсаки,zzStop,LoLka 80 lvl,ШикамарУ,Изуки Мидория,Тобирама Сенджу,Djons,Г а а р а,Mrak,Кимимаро,Последователь,Ogawa,Alukard,Mirajane,Пчёлка,~TITAN~,Scifsyyh,Тендо Нагато,~KiLLeR~,_Призрак_,TheJoker,StanLee,Хрустальный Лис,Флэш,Корвин,Слава79312004464,-Sally-,Катаямо,Supa
20200515,174226,128093,126521,106910,106464,103092,94331,84991,80961,76697,75713,73512,73173,70061,61921,60610,57649,56417,55147,50072,46623,46196,43331,43291,42868,41873,41800,41367,41001,40462,40413,40230,39862,38056,36899,34460,33718,33361,32988,30520,30317,29847,29524,29497,29271,29010,28942,27937,27638,27592,26870,26666,26526,26158,25438,25325,24691,24688,24646,24526,23440,23283,23182,22237,21761,21708,21201,20970,20870,20269,20197,19953,19278,19032,18581,18549,18109,18082,18052,17023,16744,16589,16578,16473,15694,15531,15414,15377,15110,15083,14639,14181,14180,14105,14036,13855,13202,13150,13138,12608
date,Джирайя,Майто Гай,Uchiha Madara,Айзен,Shisui,AloneInTheDark,Rosich,sensey,Юморист,YuRaN III,Нет,Сайдзо,Мастер ИП,Orochimaru,Rock Lee,Rokyro Rau,Tayuya,Хедин,РИДИК,-Tobi-,Kira,KillerNick,Акабане Карма,misha10x10x,Вулкан,Kirishima Touka,DeYsTrave,Sakata Gintoki,Fludo,Конс,Социопат_мл,Neji Hyuga,_Indra_,Леди ангел,Акасуна но Акира,Vizer fon Ghoul,Trigun,Ога Тацуми,Silf,Учиха Хидате,Freir,Гаара,Firebug,Нагато Пейн,Mikadzuki,СОНЯ,Konan,ArtiGarPotr,Andara,-Uchiha-Artem-,Гусь,герцогиня,CM Punk,Izaya Orihara,треш,_ZeuS_,Большой Брат,Торуне,Канеки Учиха,Deathstroke,Pain,Младший Брат,L Lawliet,Garadin,Курама Якумо,mazumuz,тихиЙ ужаС,Ledi,Сбежавший Учиха,Социопат,Brave,Хичиго Широсаки,zzStop,LoLka 80 lvl,ШикамарУ,Изуки Мидория,Djons,Тобирама Сенджу,Г а а р а,Mrak,Кимимаро,Последователь,Ogawa,Alukard,Mirajane,Пчёлка,~TITAN~,Scifsyyh,Тендо Нагато,~KiLLeR~,_Призрак_,TheJoker,StanLee,Хрустальный Лис,Флэш,Корвин,Слава79312004464,-Sally-,Катаямо,Supa
20200516,174227,128143,126576,106925,106513,103146,94360,85034,81014,76697,75713,73512,73173,70061,61921,60615,57649,56473,55147,50165,46623,46196,43331,43291,42868,41894,41800,41367,41001,40462,40413,40230,39862,38056,36899,34537,33718,33361,32988,30520,30317,29847,29524,29497,29323,29010,28942,27937,27638,27592,26870,26666,26526,26158,25438,25325,24731,24691,24646,24526,23440,23283,23182,22237,21761,21708,21201,20970,20870,20269,20197,19953,19278,19032,18581,18549,18122,18109,18052,17023,16744,16589,16578,16473,15694,15531,15414,15377,15110,15083,14639,14181,14180,14105,14036,13855,13207,13150,13138,12608
date,Джирайя,Майто Гай,Uchiha Madara,Айзен,Shisui,AloneInTheDark,Rosich,sensey,Юморист,YuRaN III,Нет,Сайдзо,Мастер ИП,Orochimaru,Rock Lee,Rokyro Rau,Tayuya,Хедин,РИДИК,-Tobi-,Kira,KillerNick,Акабане Карма,misha10x10x,Вулкан,Kirishima Touka,DeYsTrave,Sakata Gintoki,Fludo,Конс,Социопат_мл,Neji Hyuga,_Indra_,Леди ангел,Акасуна но Акира,Vizer fon Ghoul,Trigun,Ога Тацуми,Silf,Учиха Хидате,Freir,Гаара,Firebug,Нагато Пейн,Mikadzuki,СОНЯ,Konan,ArtiGarPotr,Andara,-Uchiha-Artem-,Гусь,герцогиня,CM Punk,Izaya Orihara,треш,_ZeuS_,Большой Брат,Торуне,Канеки Учиха,Deathstroke,Pain,Младший Брат,L Lawliet,Garadin,Курама Якумо,mazumuz,тихиЙ ужаС,Ledi,Сбежавший Учиха,Социопат,Brave,Хичиго Широсаки,zzStop,LoLka 80 lvl,ШикамарУ,Изуки Мидория,Djons,Тобирама Сенджу,Г а а р а,Mrak,Кимимаро,Последователь,Ogawa,Alukard,Mirajane,Пчёлка,~TITAN~,Scifsyyh,Тендо Нагато,~KiLLeR~,_Призрак_,TheJoker,StanLee,Хрустальный Лис,Флэш,Корвин,Слава79312004464,-Sally-,Катаямо,Supa
20200517,174227,128192,126597,107005,106562,103181,94407,85079,81076,76697,75713,73512,73173,70061,61921,60657,57649,56473,55147,50189,46623,46196,43331,43291,42868,41954,41800,41367,41001,40462,40415,40230,39862,38056,36899,34625,33718,33361,32988,30520,30317,29847,29524,29497,29368,29010,28942,27937,27638,27592,26870,26666,26526,26158,25438,25325,24777,24691,24646,24526,23440,23283,23182,22237,21761,21708,21201,20970,20870,20269,20197,19953,19278,19032,18581,18549,18163,18109,18052,17023,16744,16589,16578,16473,15694,15531,15414,15377,15110,15083,14639,14181,14180,14105,14036,13855,13207,13150,13138,12608
date,Джирайя,Майто Гай,Uchiha Madara,Айзен,Shisui,AloneInTheDark,Rosich,sensey,Юморист,YuRaN III,Нет,Сайдзо,Мастер ИП,Orochimaru,Rock Lee,Rokyro Rau,Tayuya,Хедин,РИДИК,-Tobi-,Kira,KillerNick,Акабане Карма,misha10x10x,Вулкан,Kirishima Touka,DeYsTrave,Sakata Gintoki,Fludo,Конс,Социопат_мл,Neji Hyuga,_Indra_,Леди ангел,Акасуна но Акира,Vizer fon Ghoul,Trigun,Ога Тацуми,Silf,Учиха Хидате,Freir,Гаара,Firebug,Нагато Пейн,Mikadzuki,СОНЯ,Konan,ArtiGarPotr,Andara,-Uchiha-Artem-,Гусь,герцогиня,CM Punk,Izaya Orihara,треш,_ZeuS_,Большой Брат,Торуне,Канеки Учиха,Deathstroke,Pain,Младший Брат,L Lawliet,Garadin,Курама Якумо,mazumuz,тихиЙ ужаС,Ledi,Сбежавший Учиха,Социопат,Brave,Хичиго Широсаки,zzStop,LoLka 80 lvl,ШикамарУ,Изуки Мидория,Djons,Тобирама Сенджу,Г а а р а,Mrak,Кимимаро,Последователь,Ogawa,Alukard,Mirajane,Пчёлка,~TITAN~,Scifsyyh,Тендо Нагато,~KiLLeR~,_Призрак_,TheJoker,StanLee,Хрустальный Лис,Флэш,Корвин,Слава79312004464,-Sally-,Катаямо,Supa
20200518,174227,128241,126675,107067,106612,103230,94485,85124,81126,76697,75713,73512,73173,70061,61921,60736,57649,56473,55147,50192,46623,46196,43331,43291,42868,42043,41800,41367,41001,40462,40415,40230,39862,38056,36899,34651,33718,33361,32988,30520,30317,29847,29524,29497,29413,29010,28942,27937,27639,27592,26870,26666,26526,26158,25438,25325,24807,24691,24646,24526,23440,23283,23182,22237,21761,21708,21201,20970,20870,20269,20197,19953,19278,19032,18581,18549,18193,18109,18052,17023,16744,16589,16578,16473,15694,15531,15414,15377,15110,15083,14639,14181,14180,14105,14036,13855,13207,13150,13138,12608
date,Джирайя,Майто Гай,Uchiha Madara,Айзен,Shisui,AloneInTheDark,Rosich,sensey,Юморист,YuRaN III,Нет,Сайдзо,Мастер ИП,Orochimaru,Rock Lee,Rokyro Rau,Tayuya,Хедин,РИДИК,-Tobi-,Kira,KillerNick,Акабане Карма,misha10x10x,Вулкан,Kirishima Touka,DeYsTrave,Sakata Gintoki,Fludo,Конс,Социопат_мл,Neji Hyuga,_Indra_,Леди ангел,Акасуна но Акира,Vizer fon Ghoul,Trigun,Ога Тацуми,Silf,Учиха Хидате,Freir,Гаара,Firebug,Нагато Пейн,Mikadzuki,СОНЯ,Konan,ArtiGarPotr,Andara,-Uchiha-Artem-,Гусь,герцогиня,CM Punk,Izaya Orihara,треш,_ZeuS_,Большой Брат,Торуне,Канеки Учиха,Deathstroke,Pain,Младший Брат,L Lawliet,Garadin,Курама Якумо,mazumuz,тихиЙ ужаС,Ledi,Сбежавший Учиха,Социопат,Brave,Хичиго Широсаки,zzStop,LoLka 80 lvl,ШикамарУ,Изуки Мидория,Djons,Тобирама Сенджу,Г а а р а,Mrak,Кимимаро,Последователь,Ogawa,Alukard,Mirajane,Пчёлка,~TITAN~,Scifsyyh,Тендо Нагато,~KiLLeR~,_Призрак_,TheJoker,StanLee,Хрустальный Лис,Флэш,Корвин,Слава79312004464,-Sally-,Катаямо,Supa
20200519,174253,128289,126721,107103,106660,103271,94485,85169,81174,76697,75713,73512,73173,70061,61921,60782,57649,56473,55147,50192,46623,46196,43331,43291,42868,42181,41800,41367,41001,40462,40415,40230,39862,38056,36899,34699,33718,33361,32988,30520,30317,29847,29524,29497,29454,29010,28942,27937,27639,27592,26870,26666,26526,26158,25438,25325,24862,24691,24646,24526,23440,23283,23182,22237,21761,21708,21201,20970,20870,20269,20197,19953,19278,19032,18581,18549,18246,18109,18052,17023,16744,16589,16578,16473,15694,15531,15414,15377,15110,15083,14639,14181,14180,14105,14036,13855,13207,13150,13138,12608
date,Джирайя,Майто Гай,Uchiha Madara,Айзен,Shisui,AloneInTheDark,Rosich,sensey,Юморист,YuRaN III,Нет,Сайдзо,Мастер ИП,Orochimaru,Rock Lee,Rokyro Rau,Tayuya,Хедин,РИДИК,-Tobi-,Kira,KillerNick,Акабане Карма,misha10x10x,Вулкан,Kirishima Touka,DeYsTrave,Sakata Gintoki,Fludo,Конс,Социопат_мл,Neji Hyuga,_Indra_,Леди ангел,Акасуна но Акира,Vizer fon Ghoul,Trigun,Ога Тацуми,Silf,Учиха Хидате,Freir,Гаара,Firebug,Нагато Пейн,Mikadzuki,СОНЯ,Konan,ArtiGarPotr,Andara,-Uchiha-Artem-,Гусь,герцогиня,CM Punk,Izaya Orihara,треш,_ZeuS_,Большой Брат,Торуне,Канеки Учиха,Deathstroke,Pain,Младший Брат,L Lawliet,Garadin,Курама Якумо,mazumuz,тихиЙ ужаС,Ledi,Сбежавший Учиха,Социопат,Brave,Хичиго Широсаки,zzStop,LoLka 80 lvl,ШикамарУ,Изуки Мидория,Djons,Тобирама Сенджу,Г а а р а,Mrak,Кимимаро,Последователь,Ogawa,Alukard,Mirajane,Пчёлка,~TITAN~,Scifsyyh,Тендо Нагато,~KiLLeR~,_Призрак_,TheJoker,StanLee,Хрустальный Лис,Флэш,Корвин,Слава79312004464,-Sally-,Катаямо,Supa
20200520,174322,128338,126770,107160,106711,103320,94551,85212,81226,76697,75713,73512,73173,70061,61921,60815,57649,56473,55147,50192,46623,46196,43331,43292,42868,42423,41800,41367,41001,40462,40415,40230,39862,38056,36919,34704,33718,33361,32988,30520,30317,29847,29524,29497,29479,29010,28942,27937,27639,27592,26870,26666,26526,26158,25438,25325,24905,24691,24646,24526,23440,23283,23182,22237,21761,21708,21201,20970,20870,20269,20197,19953,19278,19032,18581,18549,18287,18109,18052,17023,16744,16589,16578,16473,15694,15531,15414,15377,15110,15083,14639,14181,14180,14105,14036,13855,13207,13150,13138,12608
date,Джирайя,Майто Гай,Uchiha Madara,Айзен,Shisui,AloneInTheDark,Rosich,sensey,Юморист,YuRaN III,Нет,Сайдзо,Мастер ИП,Orochimaru,Rock Lee,Rokyro Rau,Tayuya,Хедин,РИДИК,-Tobi-,Kira,KillerNick,Акабане Карма,misha10x10x,Вулкан,Kirishima Touka,DeYsTrave,Sakata Gintoki,Fludo,Конс,Социопат_мл,Neji Hyuga,_Indra_,Леди ангел,Акасуна но Акира,Vizer fon Ghoul,Trigun,Ога Тацуми,Silf,Учиха Хидате,Freir,Гаара,Firebug,Нагато Пейн,Mikadzuki,СОНЯ,Konan,ArtiGarPotr,Andara,-Uchiha-Artem-,Гусь,герцогиня,CM Punk,Izaya Orihara,треш,_ZeuS_,Большой Брат,Торуне,Канеки Учиха,Deathstroke,Pain,Младший Брат,L Lawliet,Garadin,Курама Якумо,mazumuz,тихиЙ ужаС,Ledi,Сбежавший Учиха,Социопат,Brave,Хичиго Широсаки,zzStop,LoLka 80 lvl,ШикамарУ,Изуки Мидория,Djons,Тобирама Сенджу,Г а а р а,Mrak,Кимимаро,Последователь,Ogawa,Alukard,Mirajane,Пчёлка,~TITAN~,Scifsyyh,Тендо Нагато,~KiLLeR~,_Призрак_,TheJoker,StanLee,Хрустальный Лис,Флэш,Корвин,Слава79312004464,-Sally-,Катаямо,Supa
20200521,174361,128388,126824,107208,106753,103371,94592,85256,81273,76697,75713,73512,73173,70061,61921,60839,57649,56473,55147,50192,46623,46196,43331,43292,42868,42690,41800,41367,41001,40462,40415,40230,39862,38056,36959,34765,33718,33361,32988,30520,30317,29847,29524,29497,29479,29010,28942,27937,27639,27592,26870,26672,26526,26158,25438,25325,24940,24691,24646,24526,23440,23283,23182,22237,21761,21708,21201,20970,20870,20269,20197,19953,19278,19032,18581,18549,18313,18109,18052,17023,16744,16589,16578,16473,15694,15531,15414,15377,15110,15083,14639,14181,14180,14105,14036,13855,13207,13150,13138,12608
date,Джирайя,Майто Гай,Uchiha Madara,Айзен,Shisui,AloneInTheDark,Rosich,sensey,Юморист,YuRaN III,Нет,Сайдзо,Мастер ИП,Orochimaru,Rock Lee,Rokyro Rau,Tayuya,Хедин,РИДИК,-Tobi-,Kira,KillerNick,Акабане Карма,misha10x10x,Вулкан,Kirishima Touka,DeYsTrave,Sakata Gintoki,Fludo,Конс,Социопат_мл,Neji Hyuga,_Indra_,Леди ангел,Акасуна но Акира,Vizer fon Ghoul,Trigun,Ога Тацуми,Silf,Учиха Хидате,Freir,Гаара,Mikadzuki,Firebug,Нагато Пейн,СОНЯ,Konan,ArtiGarPotr,Andara,-Uchiha-Artem-,Гусь,герцогиня,CM Punk,Izaya Orihara,треш,_ZeuS_,Большой Брат,Торуне,Канеки Учиха,Deathstroke,Pain,Младший Брат,L Lawliet,Garadin,Курама Якумо,mazumuz,тихиЙ ужаС,Ledi,Сбежавший Учиха,Социопат,Brave,Хичиго Широсаки,zzStop,LoLka 80 lvl,ШикамарУ,Изуки Мидория,Djons,Тобирама Сенджу,Г а а р а,Mrak,Кимимаро,Последователь,Ogawa,Alukard,Mirajane,Пчёлка,~TITAN~,Scifsyyh,Тендо Нагато,~KiLLeR~,_Призрак_,TheJoker,StanLee,Хрустальный Лис,Флэш,Корвин,Слава79312004464,-Sally-,Катаямо,Supa
20200522,174368,128406,126872,107263,106809,103412,94639,85304,81323,76697,75713,73512,73173,70061,61921,60913,57649,56473,55147,50192,46623,46196,43331,43292,42868,42713,41800,41367,41001,40462,40415,40230,39862,38056,36995,34827,33718,33361,32988,30520,30317,29847,29524,29524,29497,29010,28942,27937,27639,27592,26870,26672,26526,26158,25438,25325,24988,24691,24646,24526,23440,23283,23182,22237,21761,21708,21201,20970,20870,20269,20197,19953,19278,19032,18581,18549,18361,18109,18052,17023,16744,16589,16578,16473,15694,15531,15414,15377,15110,15083,14639,14181,14180,14105,14036,13855,13207,13150,13138,12608
date,Джирайя,Майто Гай,Uchiha Madara,Айзен,Shisui,AloneInTheDark,Rosich,sensey,Юморист,YuRaN III,Нет,Сайдзо,Мастер ИП,Orochimaru,Rock Lee,Rokyro Rau,Tayuya,Хедин,РИДИК,-Tobi-,Kira,KillerNick,Акабане Карма,misha10x10x,Вулкан,Kirishima Touka,DeYsTrave,Sakata Gintoki,Fludo,Конс,Социопат_мл,Neji Hyuga,_Indra_,Леди ангел,Акасуна но Акира,Vizer fon Ghoul,Trigun,Ога Тацуми,Silf,Учиха Хидате,Freir,Гаара,Mikadzuki,Firebug,Нагато Пейн,СОНЯ,Konan,ArtiGarPotr,Andara,-Uchiha-Artem-,Гусь,герцогиня,CM Punk,Izaya Orihara,треш,_ZeuS_,Большой Брат,Торуне,Канеки Учиха,Deathstroke,Pain,Младший Брат,L Lawliet,Garadin,Курама Якумо,mazumuz,тихиЙ ужаС,Ledi,Сбежавший Учиха,Социопат,Brave,Хичиго Широсаки,zzStop,LoLka 80 lvl,ШикамарУ,Изуки Мидория,Djons,Тобирама Сенджу,Г а а р а,Mrak,Кимимаро,Последователь,Ogawa,Alukard,Mirajane,Пчёлка,~TITAN~,Scifsyyh,Тендо Нагато,~KiLLeR~,_Призрак_,TheJoker,StanLee,Хрустальный Лис,Флэш,Корвин,Слава79312004464,-Sally-,Катаямо,Supa
20200523,174424,128486,126966,107313,106859,103464,94689,85350,81372,76697,75713,73512,73173,70061,61921,60913,57649,56473,55147,50192,46623,46196,43331,43292,42868,42798,41800,41367,41001,40462,40415,40230,39862,38056,37018,34835,33718,33361,32988,30520,30317,29847,29562,29524,29497,29010,28942,27937,27639,27592,26870,26672,26526,26158,25438,25325,25034,24691,24646,24526,23440,23283,23182,22237,21761,21708,21201,20970,20870,20269,20197,19953,19278,19032,18581,18549,18385,18109,18052,17023,16744,16589,16578,16473,15694,15531,15414,15377,15110,15083,14639,14181,14180,14105,14036,13855,13207,13150,13138,12608
date,Джирайя,Майто Гай,Uchiha Madara,Айзен,Shisui,AloneInTheDark,Rosich,sensey,Юморист,YuRaN III,Нет,Сайдзо,Мастер ИП,Orochimaru,Rock Lee,Rokyro Rau,Tayuya,Хедин,РИДИК,-Tobi-,Kira,KillerNick,Акабане Карма,misha10x10x,Вулкан,Kirishima Touka,DeYsTrave,Sakata Gintoki,Fludo,Конс,Социопат_мл,Neji Hyuga,_Indra_,Леди ангел,Акасуна но Акира,Vizer fon Ghoul,Trigun,Ога Тацуми,Silf,Учиха Хидате,Freir,Гаара,Mikadzuki,Firebug,Нагато Пейн,СОНЯ,Konan,ArtiGarPotr,Andara,-Uchiha-Artem-,Гусь,герцогиня,CM Punk,Izaya Orihara,треш,_ZeuS_,Большой Брат,Торуне,Канеки Учиха,Deathstroke,Pain,Младший Брат,L Lawliet,Garadin,Курама Якумо,mazumuz,тихиЙ ужаС,Ledi,Сбежавший Учиха,Социопат,Brave,Хичиго Широсаки,zzStop,LoLka 80 lvl,ШикамарУ,Изуки Мидория,Djons,Тобирама Сенджу,Г а а р а,Mrak,Кимимаро,Последователь,Ogawa,Alukard,Mirajane,Пчёлка,~TITAN~,Scifsyyh,Тендо Нагато,~KiLLeR~,_Призрак_,TheJoker,StanLee,Хрустальный Лис,Флэш,Корвин,Слава79312004464,-Sally-,Катаямо,Supa
20200524,174424,128537,126999,107354,106909,103487,94737,85395,81423,76697,75713,73512,73173,70061,61921,60961,57649,56473,55147,50192,46623,46196,43331,43292,42868,42828,41800,41367,41001,40462,40415,40230,39862,38056,37018,34891,33718,33361,32988,30520,30317,29847,29562,29524,29497,29010,28942,27937,27639,27592,26870,26672,26526,26158,25438,25325,25080,24691,24646,24526,23440,23283,23182,22237,21761,21708,21201,20970,20870,20269,20197,19953,19278,19032,18581,18549,18433,18109,18052,17023,16744,16589,16578,16473,15694,15531,15414,15377,15110,15083,14639,14181,14180,14105,14036,13855,13207,13150,13138,12608
date,Джирайя,Майто Гай,Uchiha Madara,Айзен,Shisui,AloneInTheDark,Rosich,sensey,Юморист,YuRaN III,Нет,Сайдзо,Мастер ИП,Orochimaru,Rock Lee,Rokyro Rau,Tayuya,Хедин,РИДИК,-Tobi-,Kira,KillerNick,Акабане Карма,misha10x10x,Kirishima Touka,Вулкан,DeYsTrave,Sakata Gintoki,Fludo,Конс,Социопат_мл,Neji Hyuga,_Indra_,Леди ангел,Акасуна но Акира,Vizer fon Ghoul,Trigun,Ога Тацуми,Silf,Учиха Хидате,Freir,Гаара,Mikadzuki,Firebug,Нагато Пейн,СОНЯ,Konan,ArtiGarPotr,Andara,-Uchiha-Artem-,Гусь,герцогиня,CM Punk,Izaya Orihara,треш,_ZeuS_,Большой Брат,Торуне,Канеки Учиха,Deathstroke,Pain,Младший Брат,L Lawliet,Garadin,Курама Якумо,mazumuz,тихиЙ ужаС,Ledi,Сбежавший Учиха,Социопат,Brave,Хичиго Широсаки,zzStop,LoLka 80 lvl,ШикамарУ,Изуки Мидория,Djons,Тобирама Сенджу,Г а а р а,Mrak,Кимимаро,Последователь,Ogawa,Alukard,Mirajane,Пчёлка,~TITAN~,Scifsyyh,Тендо Нагато,~KiLLeR~,_Призрак_,TheJoker,StanLee,Хрустальный Лис,Флэш,Корвин,Слава79312004464,-Sally-,Катаямо,Supa
20200525,174424,128585,127071,107384,106936,103510,94811,85438,81474,76697,75713,73512,73173,70061,61921,60961,57649,56473,55147,50192,46623,46196,43331,43292,42876,42868,41800,41367,41001,40462,40415,40230,39862,38056,37018,34939,33718,33361,32988,30520,30317,29847,29612,29524,29497,29010,28942,27937,27639,27592,26870,26672,26526,26158,25438,25325,25125,24691,24646,24526,23440,23283,23182,22237,21761,21708,21201,20970,20870,20269,20197,19953,19278,19032,18581,18549,18461,18109,18052,17023,16744,16589,16578,16473,15694,15531,15414,15377,15110,15083,14639,14181,14180,14105,14036,13855,13207,13150,13138,12608
date,Джирайя,Майто Гай,Uchiha Madara,Айзен,Shisui,AloneInTheDark,Rosich,sensey,Юморист,YuRaN III,Нет,Сайдзо,Мастер ИП,Orochimaru,Rock Lee,Rokyro Rau,Tayuya,Хедин,РИДИК,-Tobi-,Kira,KillerNick,Акабане Карма,misha10x10x,Kirishima Touka,Вулкан,DeYsTrave,Sakata Gintoki,Fludo,Конс,Социопат_мл,Neji Hyuga,_Indra_,Леди ангел,Акасуна но Акира,Vizer fon Ghoul,Trigun,Ога Тацуми,Silf,Учиха Хидате,Freir,Гаара,Mikadzuki,Firebug,Нагато Пейн,СОНЯ,Konan,ArtiGarPotr,Andara,-Uchiha-Artem-,Гусь,герцогиня,CM Punk,Izaya Orihara,треш,_ZeuS_,Большой Брат,Торуне,Канеки Учиха,Deathstroke,Pain,Младший Брат,L Lawliet,Garadin,Курама Якумо,mazumuz,тихиЙ ужаС,Ledi,Сбежавший Учиха,Социопат,Brave,Хичиго Широсаки,zzStop,LoLka 80 lvl,ШикамарУ,Изуки Мидория,Djons,Тобирама Сенджу,Г а а р а,Mrak,Кимимаро,Последователь,Ogawa,Alukard,Mirajane,Пчёлка,~TITAN~,Scifsyyh,Тендо Нагато,~KiLLeR~,_Призрак_,TheJoker,StanLee,Хрустальный Лис,Флэш,Корвин,Слава79312004464,-Sally-,Катаямо,Supa
20200526,174484,128635,127129,107461,107009,103520,94862,85483,81524,76697,75713,73512,73173,70061,61921,61012,57649,56473,55147,50192,46623,46196,43331,43292,42911,42868,41800,41367,41001,40462,40415,40230,39862,38056,37018,34960,33718,33361,32988,30520,30317,29847,29612,29524,29497,29010,28942,27937,27639,27592,26870,26672,26526,26158,25438,25325,25166,24691,24646,24526,23440,23283,23182,22237,21761,21708,21201,20970,20870,20269,20197,19953,19278,19032,18581,18549,18526,18109,18052,17023,16744,16589,16578,16473,15694,15531,15414,15377,15110,15083,14639,14181,14180,14105,14036,13855,13207,13150,13138,12608
date,Джирайя,Майто Гай,Uchiha Madara,Айзен,Shisui,AloneInTheDark,Rosich,sensey,Юморист,YuRaN III,Нет,Сайдзо,Мастер ИП,Orochimaru,Rock Lee,Rokyro Rau,Tayuya,Хедин,РИДИК,-Tobi-,Kira,KillerNick,Акабане Карма,misha10x10x,Kirishima Touka,Вулкан,DeYsTrave,Sakata Gintoki,Fludo,Конс,Социопат_мл,Neji Hyuga,_Indra_,Леди ангел,Йоши,Vizer fon Ghoul,Trigun,Ога Тацуми,Silf,Учиха Хидате,Freir,Гаара,Mikadzuki,Firebug,Нагато Пейн,СОНЯ,Konan,ArtiGarPotr,Andara,-Uchiha-Artem-,Гусь,герцогиня,CM Punk,Izaya Orihara,треш,_ZeuS_,Большой Брат,Торуне,Канеки Учиха,Deathstroke,Pain,Младший Брат,L Lawliet,Garadin,Курама Якумо,mazumuz,тихиЙ ужаС,Ledi,Сбежавший Учиха,Социопат,Brave,Хичиго Широсаки,zzStop,LoLka 80 lvl,ШикамарУ,Djons,Изуки Мидория,Тобирама Сенджу,Г а а р а,Mrak,Кимимаро,Последователь,Ogawa,Alukard,Mirajane,Пчёлка,~TITAN~,Scifsyyh,Тендо Нагато,~KiLLeR~,_Призрак_,TheJoker,StanLee,Хрустальный Лис,Флэш,Корвин,Слава79312004464,-Sally-,Катаямо,Supa
20200527,174509,128683,127187,107530,107057,103577,94910,85497,81563,76697,75713,73512,73173,70061,61921,61028,57649,56473,55147,50192,46623,46196,43331,43292,42998,42868,41800,41367,41001,40462,40415,40230,39862,38056,37018,34983,33718,33361,32988,30520,30317,29847,29661,29524,29497,29010,28942,27937,27639,27592,26870,26672,26526,26158,25438,25325,25183,24691,24646,24526,23440,23283,23182,22237,21761,21708,21201,20970,20870,20269,20197,19953,19278,19032,18581,18561,18549,18109,18052,17023,16744,16589,16578,16473,15694,15531,15414,15377,15110,15083,14639,14181,14180,14105,14036,13855,13207,13150,13138,12608
date,Джирайя,Майто Гай,Uchiha Madara,Айзен,Shisui,AloneInTheDark,Rosich,sensey,Юморист,YuRaN III,Нет,Сайдзо,Мастер ИП,Orochimaru,Rock Lee,Rokyro Rau,Tayuya,Хедин,РИДИК,-Tobi-,Kira,KillerNick,Акабане Карма,misha10x10x,Kirishima Touka,Вулкан,DeYsTrave,Sakata Gintoki,Fludo,Конс,Социопат_мл,Neji Hyuga,_Indra_,Леди ангел,Йоши,Vizer fon Ghoul,Trigun,Ога Тацуми,Silf,Учиха Хидате,Freir,Гаара,Mikadzuki,Firebug,Нагато Пейн,СОНЯ,Konan,ArtiGarPotr,Andara,-Uchiha-Artem-,Гусь,герцогиня,CM Punk,Izaya Orihara,треш,_ZeuS_,Большой Брат,Торуне,Канеки Учиха,Deathstroke,Pain,Младший Брат,L Lawliet,Garadin,Курама Якумо,mazumuz,тихиЙ ужаС,Ledi,Сбежавший Учиха,Социопат,Brave,Хичиго Широсаки,zzStop,LoLka 80 lvl,Djons,ШикамарУ,Изуки Мидория,Тобирама Сенджу,Г а а р а,Mrak,Кимимаро,Последователь,Ogawa,Alukard,Mirajane,Пчёлка,~TITAN~,Scifsyyh,Тендо Нагато,~KiLLeR~,_Призрак_,TheJoker,StanLee,Хрустальный Лис,Флэш,Корвин,Слава79312004464,-Sally-,Катаямо,Supa
20200528,174570,128730,127254,107601,107097,103612,94928,85531,81622,76697,75713,73512,73173,70061,61921,61106,57649,56473,55153,50192,46623,46196,43331,43292,43043,42868,41800,41367,41001,40462,40415,40230,39862,38056,37023,35060,33718,33361,32988,30520,30317,29847,29661,29524,29497,29010,28942,27937,27639,27592,26870,26672,26526,26158,25438,25325,25216,24691,24646,24526,23440,23283,23182,22237,21761,21708,21201,20970,20870,20269,20197,19953,19278,19032,18607,18581,18549,18109,18052,17023,16744,16589,16578,16473,15694,15531,15414,15377,15110,15083,14639,14181,14180,14105,14036,13855,13207,13150,13138,12608
date,Джирайя,Майто Гай,Uchiha Madara,Айзен,Shisui,AloneInTheDark,Rosich,sensey,Юморист,YuRaN III,Нет,Сайдзо,Мастер ИП,Orochimaru,Rock Lee,Rokyro Rau,Tayuya,Хедин,РИДИК,-Tobi-,Kira,KillerNick,Акабане Карма,misha10x10x,Kirishima Touka,Вулкан,DeYsTrave,Sakata Gintoki,Fludo,Конс,Социопат_мл,Neji Hyuga,_Indra_,Леди ангел,Йоши,Vizer fon Ghoul,Trigun,Ога Тацуми,Silf,Учиха Хидате,Freir,Гаара,Mikadzuki,Firebug,Нагато Пейн,СОНЯ,Konan,ArtiGarPotr,Andara,-Uchiha-Artem-,Гусь,герцогиня,CM Punk,Izaya Orihara,треш,_ZeuS_,Большой Брат,Торуне,Канеки Учиха,Deathstroke,Pain,Младший Брат,L Lawliet,Garadin,Курама Якумо,mazumuz,тихиЙ ужаС,Ledi,Сбежавший Учиха,Социопат,Brave,Хичиго Широсаки,zzStop,LoLka 80 lvl,Djons,ШикамарУ,Изуки Мидория,Тобирама Сенджу,Г а а р а,Mrak,Кимимаро,Последователь,Ogawa,Alukard,Mirajane,Пчёлка,~TITAN~,Scifsyyh,Тендо Нагато,~KiLLeR~,_Призрак_,TheJoker,StanLee,Хрустальный Лис,Флэш,Корвин,Слава79312004464,-Sally-,Катаямо,Supa
20200529,174570,128781,127303,107680,107150,103643,94977,85580,81672,76697,75713,73512,73173,70061,61921,61129,57649,56473,55153,50192,46623,46196,43331,43292,43068,42868,41800,41367,41001,40462,40415,40230,39862,38056,37025,35075,33718,33361,32988,30520,30317,29847,29689,29524,29497,29010,28942,27937,27639,27592,26870,26672,26526,26158,25438,25325,25273,24691,24646,24526,23440,23283,23182,22237,21761,21708,21201,20970,20870,20269,20197,19953,19278,19032,18653,18581,18549,18109,18052,17023,16744,16589,16578,16473,15694,15531,15414,15377,15110,15083,14639,14181,14180,14105,14036,13855,13207,13150,13138,12608
date,Джирайя,Майто Гай,Uchiha Madara,Айзен,Shisui,AloneInTheDark,Rosich,sensey,Юморист,YuRaN III,Нет,Сайдзо,Мастер ИП,Orochimaru,Rock Lee,Rokyro Rau,Tayuya,Хедин,РИДИК,-Tobi-,Kira,KillerNick,Акабане Карма,misha10x10x,Kirishima Touka,Вулкан,DeYsTrave,Sakata Gintoki,Fludo,Конс,Социопат_мл,Neji Hyuga,_Indra_,Леди ангел,Йоши,Vizer fon Ghoul,Trigun,Ога Тацуми,Silf,Учиха Хидате,Freir,Гаара,Mikadzuki,Firebug,Нагато Пейн,СОНЯ,Konan,ArtiGarPotr,Andara,-Uchiha-Artem-,Гусь,герцогиня,CM Punk,Izaya Orihara,треш,_ZeuS_,Большой Брат,Торуне,Канеки Учиха,Deathstroke,Pain,Младший Брат,L Lawliet,Garadin,Курама Якумо,mazumuz,тихиЙ ужаС,Ledi,Сбежавший Учиха,Социопат,Brave,Хичиго Широсаки,zzStop,LoLka 80 lvl,Djons,ШикамарУ,Изуки Мидория,Тобирама Сенджу,Г а а р а,Mrak,Кимимаро,Последователь,Ogawa,Alukard,Mirajane,Пчёлка,~TITAN~,Scifsyyh,Тендо Нагато,~KiLLeR~,_Призрак_,TheJoker,StanLee,Хрустальный Лис,Флэш,Корвин,Слава79312004464,-Sally-,Катаямо,Supa
20200530,174630,128831,127343,107747,107200,103703,95047,85613,81721,76697,75713,73512,73173,70061,61921,61176,57649,56473,55153,50192,46623,46196,43331,43292,43103,42868,41800,41367,41001,40462,40415,40230,39862,38056,37025,35108,33718,33361,32988,30520,30317,29847,29724,29524,29497,29010,28942,27937,27639,27592,26870,26672,26526,26158,25438,25325,25314,24691,24646,24526,23440,23283,23182,22237,21761,21708,21201,20970,20870,20269,20197,19953,19278,19032,18699,18581,18549,18109,18052,17023,16744,16589,16578,16473,15694,15531,15414,15377,15110,15083,14639,14181,14180,14105,14036,13855,13207,13150,13138,12608
date,Джирайя,Майто Гай,Uchiha Madara,Айзен,Shisui,AloneInTheDark,Rosich,sensey,Юморист,YuRaN III,Нет,Сайдзо,Мастер ИП,Orochimaru,Rock Lee,Rokyro Rau,Tayuya,Хедин,РИДИК,-Tobi-,Kira,KillerNick,Акабане Карма,misha10x10x,Kirishima Touka,Вулкан,DeYsTrave,Sakata Gintoki,Fludo,Конс,Социопат_мл,Neji Hyuga,_Indra_,Леди ангел,Йоши,Vizer fon Ghoul,Trigun,Ога Тацуми,Silf,Учиха Хидате,Freir,Гаара,Mikadzuki,Firebug,Нагато Пейн,СОНЯ,Konan,ArtiGarPotr,Andara,-Uchiha-Artem-,Гусь,герцогиня,CM Punk,Izaya Orihara,треш,Большой Брат,_ZeuS_,Торуне,Канеки Учиха,Deathstroke,Pain,Младший Брат,L Lawliet,Garadin,Курама Якумо,mazumuz,тихиЙ ужаС,Ledi,Сбежавший Учиха,Социопат,Brave,Хичиго Широсаки,zzStop,LoLka 80 lvl,Djons,ШикамарУ,Изуки Мидория,Тобирама Сенджу,Г а а р а,Mrak,Кимимаро,Последователь,Ogawa,Alukard,Mirajane,Пчёлка,~TITAN~,Scifsyyh,Тендо Нагато,~KiLLeR~,_Призрак_,TheJoker,StanLee,Хрустальный Лис,Флэш,Корвин,Слава79312004464,-Sally-,Катаямо,Supa
20200531,174630,128879,127437,107818,107253,103735,95086,85667,81771,76697,75713,73512,73173,70061,61921,61184,57649,56473,55153,50192,46623,46196,43331,43292,43189,42868,41800,41367,41001,40462,40415,40230,39862,38057,37025,35146,33718,33361,32988,30520,30317,29847,29776,29524,29497,29010,28942,27937,27639,27592,26870,26672,26526,26158,25438,25373,25325,24691,24646,24526,23440,23283,23182,22237,21761,21708,21201,20970,20870,20269,20197,19953,19278,19032,18699,18581,18549,18109,18052,17023,16744,16589,16578,16473,15694,15531,15414,15377,15110,15083,14639,14181,14180,14105,14036,13855,13207,13172,13138,12608
date,Джирайя,Майто Гай,Uchiha Madara,Айзен,Shisui,AloneInTheDark,Rosich,sensey,Юморист,YuRaN III,Нет,Сайдзо,Мастер ИП,Orochimaru,Rock Lee,Rokyro Rau,Tayuya,Хедин,РИДИК,-Tobi-,Kira,KillerNick,Акабане Карма,misha10x10x,Kirishima Touka,Вулкан,DeYsTrave,Sakata Gintoki,Fludo,Конс,Социопат_мл,Neji Hyuga,_Indra_,Леди ангел,Йоши,Vizer fon Ghoul,Trigun,Ога Тацуми,Silf,Учиха Хидате,Freir,Гаара,Mikadzuki,Firebug,Нагато Пейн,СОНЯ,Konan,ArtiGarPotr,Andara,-Uchiha-Artem-,Гусь,герцогиня,CM Punk,Izaya Orihara,треш,Большой Брат,_ZeuS_,Торуне,Канеки Учиха,Deathstroke,Pain,Младший Брат,L Lawliet,Garadin,Курама Якумо,mazumuz,тихиЙ ужаС,Ledi,Сбежавший Учиха,Социопат,Brave,Хичиго Широсаки,zzStop,LoLka 80 lvl,Djons,ШикамарУ,Изуки Мидория,Тобирама Сенджу,Г а а р а,Mrak,Кимимаро,Последователь,Ogawa,Alukard,Mirajane,Пчёлка,~TITAN~,Scifsyyh,Тендо Нагато,~KiLLeR~,_Призрак_,TheJoker,StanLee,Хрустальный Лис,Флэш,Корвин,-Sally-,Слава79312004464,Катаямо,Supa
20200601,174630,128929,127486,107885,107298,103786,95156,85711,81820,76697,75713,73512,73173,70061,61921,61271,57649,56473,55153,50192,46623,46196,43331,43292,43209,42868,41800,41367,41001,40462,40415,40230,39862,38057,37025,35196,33718,33361,32988,30520,30317,29847,29821,29524,29497,29010,28942,27937,27639,27592,26870,26672,26526,26158,25438,25418,25325,24691,24646,24526,23440,23283,23182,22237,21761,21708,21201,20970,20870,20269,20197,19953,19278,19032,18713,18581,18549,18109,18052,17023,16744,16589,16578,16473,15694,15531,15414,15377,15110,15083,14639,14181,14180,14105,14036,13855,13219,13207,13138,12608
date,Джирайя,Майто Гай,Uchiha Madara,Айзен,Shisui,AloneInTheDark,Rosich,sensey,Юморист,YuRaN III,Нет,Сайдзо,Мастер ИП,Orochimaru,Rock Lee,Rokyro Rau,Tayuya,Хедин,РИДИК,-Tobi-,Kira,KillerNick,Акабане Карма,misha10x10x,Kirishima Touka,Вулкан,DeYsTrave,Sakata Gintoki,Fludo,Конс,Социопат_мл,Neji Hyuga,_Indra_,Леди ангел,Йоши,Vizer fon Ghoul,Trigun,Ога Тацуми,Silf,Учиха Хидате,Freir,Гаара,Mikadzuki,Firebug,Нагато Пейн,СОНЯ,Konan,ArtiGarPotr,Andara,-Uchiha-Artem-,Гусь,герцогиня,CM Punk,Izaya Orihara,Большой Брат,треш,_ZeuS_,Торуне,Канеки Учиха,Deathstroke,Pain,Младший Брат,L Lawliet,Garadin,Курама Якумо,mazumuz,тихиЙ ужаС,Ledi,Сбежавший Учиха,Социопат,Brave,Хичиго Широсаки,zzStop,LoLka 80 lvl,Djons,ШикамарУ,Изуки Мидория,Тобирама Сенджу,Г а а р а,Mrak,Кимимаро,Последователь,Ogawa,Alukard,Mirajane,Пчёлка,~TITAN~,Scifsyyh,Тендо Нагато,~KiLLeR~,_Призрак_,TheJoker,StanLee,Хрустальный Лис,Флэш,Корвин,-Sally-,Слава79312004464,Катаямо,Supa
20200602,174701,128977,127524,107938,107348,103846,95202,85751,81870,76697,75713,73512,73173,70061,61921,61287,57649,56473,55153,50192,46623,46196,43331,43292,43270,42868,41800,41367,41001,40462,40415,40230,39862,38057,37025,35233,33718,33361,32988,30520,30317,29847,29821,29524,29497,29010,28942,27937,27639,27592,26870,26672,26526,26158,25444,25438,25325,24691,24646,24526,23440,23283,23182,22237,21761,21708,21201,20970,20870,20269,20197,19953,19278,19032,18765,18581,18549,18109,18052,17023,16744,16589,16578,16473,15694,15531,15414,15377,15110,15083,14639,14181,14180,14105,14036,13855,13247,13207,13138,12608
date,Джирайя,Майто Гай,Uchiha Madara,Айзен,Shisui,AloneInTheDark,Rosich,sensey,Юморист,YuRaN III,Нет,Сайдзо,Мастер ИП,Orochimaru,Rock Lee,Rokyro Rau,Tayuya,Хедин,РИДИК,-Tobi-,Kira,KillerNick,Акабане Карма,Kirishima Touka,misha10x10x,Вулкан,DeYsTrave,Sakata Gintoki,Fludo,Конс,Социопат_мл,Neji Hyuga,_Indra_,Леди ангел,Йоши,Vizer fon Ghoul,Trigun,Ога Тацуми,Silf,Учиха Хидате,Freir,Mikadzuki,Гаара,Firebug,Нагато Пейн,СОНЯ,Konan,ArtiGarPotr,Andara,-Uchiha-Artem-,Гусь,герцогиня,CM Punk,Izaya Orihara,Большой Брат,треш,_ZeuS_,Торуне,Канеки Учиха,Deathstroke,Pain,Младший Брат,L Lawliet,Garadin,Курама Якумо,mazumuz,тихиЙ ужаС,Ledi,Сбежавший Учиха,Социопат,Brave,Хичиго Широсаки,zzStop,LoLka 80 lvl,Djons,ШикамарУ,Изуки Мидория,Тобирама Сенджу,Г а а р а,Mrak,Кимимаро,Последователь,Ogawa,Alukard,Mirajane,Пчёлка,~TITAN~,Scifsyyh,Тендо Нагато,~KiLLeR~,_Призрак_,TheJoker,StanLee,Хрустальный Лис,Флэш,Корвин,-Sally-,Слава79312004464,Катаямо,Supa
20200603,174701,129027,127586,108008,107398,103881,95227,85802,81918,76697,75713,73512,73173,70061,61921,61356,57649,56473,55153,50192,46623,46196,43331,43301,43292,42868,41800,41367,41001,40462,40415,40230,39862,38057,37028,35301,33718,33361,32988,30520,30317,29851,29847,29524,29497,29010,28942,27937,27639,27592,26870,26672,26526,26158,25478,25438,25325,24691,24646,24526,23440,23283,23182,22237,21761,21708,21201,20970,20870,20269,20197,19953,19278,19032,18825,18581,18549,18109,18052,17023,16744,16589,16578,16473,15694,15531,15414,15377,15110,15083,14639,14181,14180,14105,14036,13855,13305,13207,13138,12608
date,Джирайя,Майто Гай,Uchiha Madara,Айзен,Shisui,AloneInTheDark,Rosich,sensey,Юморист,YuRaN III,Нет,Сайдзо,Мастер ИП,Orochimaru,Rock Lee,Rokyro Rau,Tayuya,Хедин,РИДИК,-Tobi-,Kira,KillerNick,Kirishima Touka,Акабане Карма,misha10x10x,Вулкан,DeYsTrave,Sakata Gintoki,Fludo,Конс,Социопат_мл,Neji Hyuga,_Indra_,Леди ангел,Йоши,Vizer fon Ghoul,Trigun,Ога Тацуми,Silf,Учиха Хидате,Freir,Mikadzuki,Гаара,Firebug,Нагато Пейн,СОНЯ,Konan,ArtiGarPotr,Andara,-Uchiha-Artem-,Гусь,герцогиня,CM Punk,Izaya Orihara,Большой Брат,треш,_ZeuS_,Торуне,Канеки Учиха,Deathstroke,Pain,Младший Брат,L Lawliet,Garadin,Курама Якумо,mazumuz,тихиЙ ужаС,Ledi,Сбежавший Учиха,Социопат,Brave,Хичиго Широсаки,zzStop,LoLka 80 lvl,Djons,ШикамарУ,Изуки Мидория,Тобирама Сенджу,Г а а р а,Mrak,Кимимаро,Последователь,Ogawa,Alukard,Mirajane,Пчёлка,~TITAN~,Scifsyyh,Тендо Нагато,~KiLLeR~,_Призрак_,TheJoker,StanLee,Хрустальный Лис,Флэш,Корвин,-Sally-,Слава79312004464,Катаямо,Supa
20200604,174729,129076,127623,108076,107447,103910,95284,85848,81966,76697,75713,73512,73179,70061,61921,61388,57649,56473,55153,50192,46623,46196,43361,43331,43292,42868,41800,41367,41001,40462,40415,40230,39862,38057,37028,35316,33718,33361,32988,30520,30317,29851,29847,29524,29497,29010,28942,27937,27639,27592,26870,26672,26526,26158,25541,25438,25325,24691,24646,24526,23440,23283,23182,22237,21761,21708,21201,20970,20870,20269,20197,19953,19278,19032,18869,18581,18549,18109,18052,17023,16744,16589,16578,16473,15694,15531,15414,15377,15110,15083,14639,14181,14180,14105,14036,13855,13324,13207,13138,12608
date,Джирайя,Майто Гай,Uchiha Madara,Айзен,Shisui,AloneInTheDark,Rosich,sensey,Юморист,YuRaN III,Нет,Сайдзо,Мастер ИП,Orochimaru,Rock Lee,Rokyro Rau,Tayuya,Хедин,РИДИК,-Tobi-,Kira,KillerNick,Kirishima Touka,Акабане Карма,misha10x10x,Вулкан,DeYsTrave,Sakata Gintoki,Fludo,Конс,Социопат_мл,Neji Hyuga,_Indra_,Леди ангел,Йоши,Vizer fon Ghoul,Trigun,Ога Тацуми,Silf,Учиха Хидате,Freir,Mikadzuki,Гаара,Firebug,Нагато Пейн,СОНЯ,Konan,ArtiGarPotr,Andara,-Uchiha-Artem-,Гусь,герцогиня,CM Punk,Izaya Orihara,Большой Брат,треш,_ZeuS_,Торуне,Канеки Учиха,Deathstroke,Pain,Младший Брат,L Lawliet,Garadin,Курама Якумо,mazumuz,тихиЙ ужаС,Ledi,Сбежавший Учиха,Социопат,Brave,Хичиго Широсаки,zzStop,LoLka 80 lvl,Djons,ШикамарУ,Изуки Мидория,Тобирама Сенджу,Г а а р а,Mrak,Кимимаро,Последователь,Ogawa,Alukard,Mirajane,Пчёлка,~TITAN~,Scifsyyh,Тендо Нагато,~KiLLeR~,_Призрак_,TheJoker,StanLee,Хрустальный Лис,Флэш,Корвин,-Sally-,Слава79312004464,Катаямо,Supa
20200605,174814,129109,127670,108076,107480,103910,95336,85877,81999,76697,75713,73512,73179,70061,61921,61434,57649,56473,55153,50192,46623,46196,43371,43331,43292,42868,41800,41367,41001,40462,40415,40230,39862,38057,37028,35341,33718,33361,32988,30520,30317,29851,29847,29524,29497,29010,28942,27937,27639,27592,26870,26672,26526,26158,25569,25438,25325,24691,24646,24526,23440,23283,23182,22237,21761,21708,21201,20970,20870,20269,20197,19953,19278,19032,18889,18581,18549,18109,18052,17023,16744,16589,16578,16473,15694,15531,15414,15377,15110,15083,14639,14181,14180,14105,14036,13855,13342,13207,13138,12608
date,Джирайя,Майто Гай,Uchiha Madara,Айзен,Shisui,AloneInTheDark,Rosich,sensey,Юморист,YuRaN III,Нет,Сайдзо,Мастер ИП,Orochimaru,Rock Lee,Rokyro Rau,Tayuya,Хедин,РИДИК,-Tobi-,Kira,KillerNick,Kirishima Touka,Акабане Карма,misha10x10x,Вулкан,DeYsTrave,Sakata Gintoki,Fludo,Конс,Социопат_мл,Neji Hyuga,_Indra_,Леди ангел,Йоши,Vizer fon Ghoul,Trigun,Ога Тацуми,Silf,Учиха Хидате,Freir,Mikadzuki,Гаара,Firebug,Нагато Пейн,СОНЯ,Konan,ArtiGarPotr,Andara,-Uchiha-Artem-,Гусь,герцогиня,CM Punk,Izaya Orihara,Большой Брат,треш,_ZeuS_,Торуне,Канеки Учиха,Deathstroke,Pain,Младший Брат,L Lawliet,Garadin,Курама Якумо,mazumuz,тихиЙ ужаС,Ledi,Сбежавший Учиха,Социопат,Brave,Хичиго Широсаки,zzStop,LoLka 80 lvl,Djons,ШикамарУ,Изуки Мидория,Тобирама Сенджу,Г а а р а,Mrak,Кимимаро,Последователь,Ogawa,Alukard,Mirajane,Пчёлка,~TITAN~,Scifsyyh,Тендо Нагато,~KiLLeR~,_Призрак_,TheJoker,StanLee,Хрустальный Лис,Флэш,Корвин,-Sally-,Слава79312004464,Катаямо,Supa
20200606,174869,129158,127724,108153,107530,103930,95387,85914,82049,76697,75713,73512,73179,70061,61921,61465,57649,56473,55153,50192,46623,46196,43412,43331,43292,42868,41800,41367,41001,40462,40415,40230,39862,38057,37028,35377,33718,33361,32988,30520,30317,29883,29847,29524,29497,29010,28942,27937,27639,27592,26870,26672,26526,26158,25615,25438,25325,24691,24646,24526,23440,23283,23182,22237,21761,21708,21201,20970,20870,20269,20197,19953,19278,19032,18919,18581,18549,18109,18053,17023,16744,16589,16578,16473,15694,15531,15414,15377,15110,15083,14639,14181,14180,14105,14036,13855,13386,13207,13138,12608
date,Джирайя,Майто Гай,Uchiha Madara,Айзен,Shisui,AloneInTheDark,Rosich,sensey,Юморист,YuRaN III,Нет,Сайдзо,Мастер ИП,Orochimaru,Rock Lee,Rokyro Rau,Tayuya,Хедин,РИДИК,-Tobi-,Kira,KillerNick,Kirishima Touka,Акабане Карма,misha10x10x,Вулкан,DeYsTrave,Sakata Gintoki,Fludo,Конс,Социопат_мл,Neji Hyuga,_Indra_,Леди ангел,Йоши,Vizer fon Ghoul,Trigun,Ога Тацуми,Silf,Учиха Хидате,Freir,Mikadzuki,Гаара,Firebug,Нагато Пейн,СОНЯ,Konan,ArtiGarPotr,Andara,-Uchiha-Artem-,Гусь,герцогиня,CM Punk,Izaya Orihara,Большой Брат,треш,_ZeuS_,Торуне,Канеки Учиха,Deathstroke,Pain,Младший Брат,L Lawliet,Garadin,Курама Якумо,mazumuz,тихиЙ ужаС,Ledi,Сбежавший Учиха,Социопат,Brave,Хичиго Широсаки,zzStop,LoLka 80 lvl,Djons,ШикамарУ,Изуки Мидория,Тобирама Сенджу,Г а а р а,Mrak,Кимимаро,Последователь,Ogawa,Alukard,Mirajane,Пчёлка,~TITAN~,Scifsyyh,Тендо Нагато,~KiLLeR~,_Призрак_,TheJoker,StanLee,Хрустальный Лис,Флэш,Корвин,-Sally-,Слава79312004464,Катаямо,Supa
20200607,174869,129206,127787,108235,107580,104010,95452,85952,82099,76697,75713,73512,73179,70061,61921,61501,57649,56473,55153,50192,46623,46196,43484,43338,43292,42868,41800,41367,41001,40462,40415,40230,39862,38057,37028,35439,33718,33361,32988,30520,30317,29883,29847,29524,29497,29010,28942,27937,27639,27592,26870,26672,26526,26158,25650,25438,25325,24691,24646,24526,23440,23283,23182,22237,21761,21708,21201,20970,20870,20269,20197,19953,19278,19032,18919,18581,18549,18109,18053,17023,16744,16589,16578,16473,15694,15531,15414,15377,15110,15083,14639,14181,14180,14105,14036,13855,13452,13207,13138,12608
date,Джирайя,Майто Гай,Uchiha Madara,Айзен,Shisui,AloneInTheDark,Rosich,sensey,Юморист,YuRaN III,Нет,Сайдзо,Мастер ИП,Orochimaru,Rock Lee,Rokyro Rau,Tayuya,Хедин,РИДИК,-Tobi-,Kira,KillerNick,Kirishima Touka,Акабане Карма,misha10x10x,Вулкан,DeYsTrave,Sakata Gintoki,Fludo,Конс,Социопат_мл,Neji Hyuga,_Indra_,Леди ангел,Йоши,Vizer fon Ghoul,Trigun,Ога Тацуми,Silf,Учиха Хидате,Freir,Mikadzuki,Гаара,Firebug,Нагато Пейн,СОНЯ,Konan,ArtiGarPotr,Andara,-Uchiha-Artem-,Гусь,герцогиня,CM Punk,Izaya Orihara,Большой Брат,треш,_ZeuS_,Торуне,Канеки Учиха,Deathstroke,Pain,Младший Брат,L Lawliet,Garadin,Курама Якумо,mazumuz,тихиЙ ужаС,Ledi,Сбежавший Учиха,Социопат,Brave,Хичиго Широсаки,zzStop,LoLka 80 lvl,Djons,ШикамарУ,Изуки Мидория,Тобирама Сенджу,Г а а р а,Mrak,Кимимаро,Последователь,Ogawa,Alukard,Mirajane,Пчёлка,~TITAN~,Scifsyyh,Тендо Нагато,~KiLLeR~,_Призрак_,TheJoker,StanLee,Хрустальный Лис,Флэш,Корвин,-Sally-,Слава79312004464,Катаямо,Supa
20200608,174869,129256,127854,108290,107629,104050,95499,86000,82148,76697,75713,73512,73179,70061,61921,61585,57649,56473,55153,50192,46623,46196,43575,43338,43292,42868,41800,41367,41001,40462,40415,40230,39862,38057,37028,35464,33718,33361,32988,30520,30317,29883,29847,29524,29497,29010,28942,27937,27639,27592,26870,26672,26526,26158,25697,25438,25325,24691,24646,24526,23440,23283,23182,22237,21761,21708,21201,20970,20870,20269,20197,19953,19278,19032,18939,18581,18549,18109,18054,17023,16744,16589,16578,16473,15694,15531,15414,15377,15110,15083,14639,14181,14180,14105,14036,13855,13471,13207,13138,12608
date,Джирайя,Майто Гай,Uchiha Madara,Айзен,Shisui,AloneInTheDark,Rosich,sensey,Юморист,YuRaN III,Нет,Сайдзо,Мастер ИП,Orochimaru,Rock Lee,Rokyro Rau,Tayuya,Хедин,РИДИК,-Tobi-,Kira,KillerNick,Kirishima Touka,Акабане Карма,misha10x10x,Вулкан,DeYsTrave,Sakata Gintoki,Fludo,Конс,Социопат_мл,Neji Hyuga,_Indra_,Леди ангел,Йоши,Vizer fon Ghoul,Trigun,Ога Тацуми,Silf,Учиха Хидате,Freir,Mikadzuki,Гаара,Firebug,Нагато Пейн,СОНЯ,Konan,ArtiGarPotr,Andara,-Uchiha-Artem-,Гусь,герцогиня,CM Punk,Izaya Orihara,Большой Брат,треш,_ZeuS_,Торуне,Канеки Учиха,Deathstroke,Pain,Младший Брат,L Lawliet,Garadin,Курама Якумо,mazumuz,тихиЙ ужаС,Ledi,Сбежавший Учиха,Социопат,Brave,Хичиго Широсаки,zzStop,LoLka 80 lvl,Djons,ШикамарУ,Изуки Мидория,Тобирама Сенджу,Г а а р а,Mrak,Кимимаро,Последователь,Ogawa,Alukard,Mirajane,Пчёлка,~TITAN~,Scifsyyh,Тендо Нагато,~KiLLeR~,_Призрак_,TheJoker,StanLee,Хрустальный Лис,Флэш,Корвин,-Sally-,Слава79312004464,Катаямо,Supa
20200609,174869,129305,127892,108352,107660,104053,95548,86050,82196,76697,75713,73512,73179,70061,61921,61590,57649,56473,55153,50192,46623,46196,43640,43338,43292,42868,41800,41367,41001,40462,40415,40230,39862,38057,37028,35499,33718,33361,32988,30520,30317,29883,29847,29524,29497,29010,28942,27937,27639,27592,26870,26672,26526,26158,25746,25438,25325,24691,24646,24526,23440,23283,23182,22237,21761,21708,21201,20970,20870,20269,20197,19953,19278,19032,18988,18581,18549,18109,18055,17023,16744,16589,16578,16473,15694,15531,15414,15377,15110,15083,14639,14181,14180,14105,14036,13855,13559,13207,13138,12608
date,Джирайя,Майто Гай,Uchiha Madara,Shisui,Айзен,AloneInTheDark,Rosich,sensey,Юморист,YuRaN III,Мастер ИП,Нет,Сайдзо,Orochimaru,Rokyro Rau,Rock Lee,Хедин,РИДИК,Tayuya,-Tobi-,Kira,Kirishima Touka,KillerNick,misha10x10x,DeYsTrave,Акабане Карма,Конс,Sakata Gintoki,Вулкан,Fludo,_Indra_,Социопат_мл,Леди ангел,Neji Hyuga,Йоши,Ога Тацуми,Vizer fon Ghoul,Silf,Trigun,Andara,Mikadzuki,Гаара,Konan,Freir,Firebug,ArtiGarPotr,Нагато Пейн,Учиха Хидате,герцогиня,-Uchiha-Artem-,СОНЯ,Izaya Orihara,CM Punk,Канеки Учиха,Большой Брат,Торуне,Deathstroke,Garadin,Pain,_ZeuS_,mazumuz,L Lawliet,Младший Брат,треш,Гусь,Ledi,Сбежавший Учиха,Курама Якумо,Хичиго Широсаки,тихиЙ ужаС,LoLka 80 lvl,Социопат,Brave,Djons,Изуки Мидория,Тобирама Сенджу,Кимимаро,ШикамарУ,Г а а р а,Ogawa,zzStop,Последователь,~KiLLeR~,Пчёлка,Alukard,_Призрак_,Mirajane,Mrak,Scifsyyh,Флэш,Тендо Нагато,~TITAN~,TheJoker,Хрустальный Лис,Акасуна_но_Сасори,StanLee,-Sally-,TipS,Корвин,Учиха Обито
20200610,130369,995695,960060,835852,822184,792986,779185,675102,637967,618593,594103,571972,554599,526245,498677,497780,471428,446367,429847,424822,421665,385697,381142,379528,363950,360817,354055,340491,336095,334920,333528,327891,321966,320754,300409,299620,297499,280884,274763,263732,253402,249440,248518,243429,243202,241704,240797,237813,233025,223481,223224,220765,214521,208275,206990,205881,204288,199831,199041,198868,198145,196432,193808,193371,193273,182132,177956,176322,174668,173483,165786,163965,163046,157098,153308,149844,149723,147911,145750,144106,142481,139152,138361,135849,135751,135730,132825,132021,129559,125801,122500,122415,118598,117591,117204,115828,114033,112986,112718,111625
date,Джирайя,Майто Гай,Uchiha Madara,Shisui,Айзен,AloneInTheDark,Rosich,sensey,Юморист,YuRaN III,Мастер ИП,Нет,Сайдзо,Orochimaru,Rokyro Rau,Rock Lee,Хедин,РИДИК,Tayuya,-Tobi-,Kira,Kirishima Touka,KillerNick,misha10x10x,DeYsTrave,Акабане Карма,Конс,Sakata Gintoki,Вулкан,Fludo,_Indra_,Социопат_мл,Леди ангел,Neji Hyuga,Йоши,Ога Тацуми,Vizer fon Ghoul,Silf,Trigun,Andara,Mikadzuki,Гаара,Konan,Freir,Firebug,ArtiGarPotr,Нагато Пейн,Учиха Хидате,герцогиня,-Uchiha-Artem-,СОНЯ,Izaya Orihara,CM Punk,Канеки Учиха,Большой Брат,Торуне,Deathstroke,Garadin,Pain,_ZeuS_,mazumuz,L Lawliet,Младший Брат,треш,Гусь,Ledi,Сбежавший Учиха,Курама Якумо,Хичиго Широсаки,тихиЙ ужаС,LoLka 80 lvl,Социопат,Brave,Djons,Изуки Мидория,Тобирама Сенджу,Кимимаро,ШикамарУ,Г а а р а,Ogawa,zzStop,Последователь,~KiLLeR~,Пчёлка,Alukard,_Призрак_,Mirajane,Mrak,Scifsyyh,Флэш,Тендо Нагато,~TITAN~,TheJoker,Хрустальный Лис,Акасуна_но_Сасори,StanLee,-Sally-,TipS,Корвин,Учиха Обито
20200611,130416,996102,960487,835853,822447,793090,779432,675598,638401,618593,594103,571972,554599,526245,498811,497780,471428,446375,429847,424822,421665,386019,381142,379528,363950,360820,354055,340491,336095,334920,333528,327891,321966,320754,300449,299620,297666,280884,274763,263732,253488,249440,248518,243429,243202,241704,240797,237813,233025,223481,223224,220765,214521,208275,207578,205881,204288,199831,199041,198868,198145,196432,193808,193371,193273,182132,177956,176322,174668,173483,165786,163965,163046,157413,153308,149844,149723,147911,145750,144106,142481,139152,138361,135849,135751,135730,132825,132021,129559,125801,122500,122415,118598,117591,117204,115828,114626,112986,112718,111625
date,Джирайя,Майто Гай,Uchiha Madara,Shisui,Айзен,AloneInTheDark,Rosich,sensey,Юморист,YuRaN III,Мастер ИП,Нет,Сайдзо,Orochimaru,Rokyro Rau,Rock Lee,Хедин,РИДИК,Tayuya,-Tobi-,Kira,Kirishima Touka,KillerNick,misha10x10x,DeYsTrave,Акабане Карма,Конс,Sakata Gintoki,Вулкан,Fludo,_Indra_,Социопат_мл,Леди ангел,Neji Hyuga,Йоши,Ога Тацуми,Vizer fon Ghoul,Silf,Trigun,Andara,Mikadzuki,Гаара,Konan,Freir,Firebug,ArtiGarPotr,Нагато Пейн,Учиха Хидате,герцогиня,-Uchiha-Artem-,СОНЯ,Izaya Orihara,CM Punk,Канеки Учиха,Большой Брат,Торуне,Deathstroke,Garadin,Pain,_ZeuS_,mazumuz,L Lawliet,Младший Брат,треш,Гусь,Ledi,Сбежавший Учиха,Курама Якумо,Хичиго Широсаки,тихиЙ ужаС,LoLka 80 lvl,Социопат,Brave,Djons,Изуки Мидория,Тобирама Сенджу,Кимимаро,ШикамарУ,Г а а р а,Ogawa,zzStop,Последователь,~KiLLeR~,Пчёлка,Alukard,_Призрак_,Mirajane,Mrak,Scifsyyh,Флэш,Тендо Нагато,~TITAN~,TheJoker,Хрустальный Лис,Акасуна_но_Сасори,-Sally-,StanLee,TipS,Корвин,Учиха Обито
20200612,130463,996492,960944,836476,823343,793611,780037,675861,638799,618593,594103,571972,554599,526245,499426,497780,471428,446375,429847,424822,421665,386516,381142,379528,363950,360822,354055,340491,336095,334920,333528,327891,321966,320754,300450,299620,297675,280884,274763,263732,253488,249440,248518,243429,243202,241704,240797,237813,233025,223481,223224,220765,214521,208275,207944,205881,204288,199831,199041,198868,198145,196432,193808,193371,193273,182132,177956,176322,174668,173483,165786,163965,163046,157840,153308,149844,149723,147911,145750,144106,142481,139152,138361,135849,135751,135730,132825,132021,129559,125801,122500,122415,118598,117591,117204,115951,115828,112986,112718,111625
date,Джирайя,Майто Гай,Uchiha Madara,Shisui,Айзен,AloneInTheDark,Rosich,sensey,Юморист,YuRaN III,Мастер ИП,Нет,Сайдзо,Orochimaru,Rokyro Rau,Rock Lee,Хедин,РИДИК,Tayuya,-Tobi-,Kira,Kirishima Touka,KillerNick,misha10x10x,DeYsTrave,Акабане Карма,Конс,Sakata Gintoki,Вулкан,Fludo,_Indra_,Социопат_мл,Леди ангел,Neji Hyuga,Йоши,Ога Тацуми,Vizer fon Ghoul,Silf,Trigun,Andara,Mikadzuki,Гаара,Konan,Freir,Firebug,ArtiGarPotr,Нагато Пейн,Учиха Хидате,герцогиня,-Uchiha-Artem-,СОНЯ,Izaya Orihara,CM Punk,Канеки Учиха,Большой Брат,Торуне,Deathstroke,Garadin,Pain,_ZeuS_,mazumuz,L Lawliet,Младший Брат,треш,Гусь,Ledi,Сбежавший Учиха,Курама Якумо,Хичиго Широсаки,тихиЙ ужаС,LoLka 80 lvl,Социопат,Brave,Djons,Изуки Мидория,Тобирама Сенджу,Кимимаро,ШикамарУ,Г а а р а,Ogawa,zzStop,Последователь,~KiLLeR~,Пчёлка,Alukard,_Призрак_,Mirajane,Mrak,Scifsyyh,Флэш,Тендо Нагато,~TITAN~,TheJoker,Хрустальный Лис,Акасуна_но_Сасори,-Sally-,StanLee,TipS,Корвин,Учиха Обито
20200613,130505,996688,961280,836714,824621,793888,780409,676328,639202,618593,594103,571972,554599,526245,499629,497780,471428,446375,429847,424822,421665,386897,381142,379528,363950,360822,354055,340491,336095,334920,333528,327891,321966,320754,300450,299620,298155,280884,274763,263732,253496,249440,248518,243429,243202,241704,240797,237813,233025,223481,223224,220765,214521,208275,208275,205881,204288,199831,199041,198868,198145,196432,193808,193371,193273,182132,177956,176322,174668,173483,165786,163965,163046,158165,153308,149844,149723,147911,145759,144106,142481,139152,138361,135849,135751,135730,132825,132021,129559,125801,122500,122415,118598,117591,117204,116964,115828,112986,112718,111625
date,Джирайя,Майто Гай,Uchiha Madara,Shisui,Айзен,AloneInTheDark,Rosich,sensey,Юморист,YuRaN III,Мастер ИП,Нет,Сайдзо,Orochimaru,Rokyro Rau,Rock Lee,Хедин,РИДИК,Tayuya,-Tobi-,Kira,Kirishima Touka,KillerNick,misha10x10x,DeYsTrave,Акабане Карма,Конс,Sakata Gintoki,Вулкан,Fludo,_Indra_,Социопат_мл,Леди ангел,Neji Hyuga,Йоши,Ога Тацуми,Vizer fon Ghoul,Silf,Trigun,Andara,Mikadzuki,Гаара,Konan,Freir,Firebug,ArtiGarPotr,Нагато Пейн,Учиха Хидате,герцогиня,-Uchiha-Artem-,СОНЯ,Izaya Orihara,CM Punk,Большой Брат,Канеки Учиха,Торуне,Deathstroke,Garadin,Pain,_ZeuS_,mazumuz,L Lawliet,Младший Брат,треш,Гусь,Ledi,Сбежавший Учиха,Курама Якумо,Хичиго Широсаки,тихиЙ ужаС,LoLka 80 lvl,Социопат,Brave,Djons,Изуки Мидория,Тобирама Сенджу,Кимимаро,ШикамарУ,Г а а р а,Ogawa,zzStop,Последователь,~KiLLeR~,Пчёлка,Alukard,_Призрак_,Mirajane,Mrak,Scifsyyh,Флэш,Тендо Нагато,~TITAN~,TheJoker,Хрустальный Лис,-Sally-,Акасуна_но_Сасори,StanLee,TipS,Корвин,Учиха Обито
20200614,130505,996688,961620,837273,825070,794212,780800,676673,639601,618593,594103,571972,554599,526245,499948,497780,471428,446375,429847,424822,421665,387398,381142,379528,363950,360822,354055,340491,336095,334920,333529,327891,321966,320754,300450,299620,298248,280884,274763,263732,253496,249440,248518,243429,243202,241704,240797,237813,233025,223481,223224,220765,214521,208705,208275,205881,204288,199831,199041,198868,198145,196432,193808,193371,193273,182132,177956,176322,174668,173483,165786,163965,163046,158500,153308,149844,149723,147911,145770,144106,142481,139152,138361,135849,135751,135730,132825,132021,129559,125801,122500,122415,118598,117591,117437,117204,115828,112986,112718,111625
date,Джирайя,Майто Гай,Uchiha Madara,Shisui,Айзен,AloneInTheDark,Rosich,sensey,Юморист,YuRaN III,Мастер ИП,Нет,Сайдзо,Orochimaru,Rokyro Rau,Rock Lee,Хедин,РИДИК,Tayuya,-Tobi-,Kira,Kirishima Touka,KillerNick,misha10x10x,DeYsTrave,Акабане Карма,Конс,Sakata Gintoki,Вулкан,Fludo,_Indra_,Социопат_мл,Леди ангел,Neji Hyuga,Йоши,Ога Тацуми,Vizer fon Ghoul,Silf,Trigun,Andara,Mikadzuki,Гаара,Konan,Freir,Firebug,ArtiGarPotr,Нагато Пейн,Учиха Хидате,герцогиня,-Uchiha-Artem-,СОНЯ,Izaya Orihara,CM Punk,Большой Брат,Канеки Учиха,Торуне,Deathstroke,Garadin,Pain,_ZeuS_,mazumuz,L Lawliet,Младший Брат,треш,Гусь,Ledi,Сбежавший Учиха,Курама Якумо,Хичиго Широсаки,тихиЙ ужаС,LoLka 80 lvl,Социопат,Brave,Djons,Изуки Мидория,Тобирама Сенджу,Кимимаро,ШикамарУ,Г а а р а,Ogawa,zzStop,Последователь,~KiLLeR~,Пчёлка,Alukard,_Призрак_,Mirajane,Mrak,Scifsyyh,Флэш,Тендо Нагато,~TITAN~,TheJoker,-Sally-,Хрустальный Лис,Акасуна_но_Сасори,StanLee,TipS,Корвин,Учиха Обито
20200615,130505,996688,961895,837673,825687,794212,781226,677006,639680,618593,594103,571972,554599,526245,500283,497780,471428,446375,429847,424822,421665,387670,381142,379528,363950,360822,354055,340491,336095,334920,333529,327891,321966,320754,300490,299620,298582,280884,274763,263732,253496,249440,248518,243429,243202,241704,240797,237813,233025,223481,223224,220765,214521,208993,208275,205881,204288,199831,199041,198868,198145,196432,193808,193371,193273,182132,177956,176322,174668,173483,165786,163965,163046,158832,153308,149844,149723,147911,145778,144106,142481,139152,138361,135849,135751,135730,132825,132021,129559,125801,122500,122415,118598,117727,117591,117204,115828,112986,112718,111625
date,Джирайя,Майто Гай,Uchiha Madara,Shisui,Айзен,AloneInTheDark,Rosich,sensey,Юморист,YuRaN III,Мастер ИП,Нет,Сайдзо,Orochimaru,Rokyro Rau,Rock Lee,Хедин,РИДИК,Tayuya,-Tobi-,Kira,Kirishima Touka,KillerNick,misha10x10x,DeYsTrave,Акабане Карма,Конс,Sakata Gintoki,Вулкан,Fludo,_Indra_,Социопат_мл,Леди ангел,Neji Hyuga,Йоши,Ога Тацуми,Vizer fon Ghoul,Silf,Trigun,Andara,Mikadzuki,Гаара,Konan,Freir,Firebug,ArtiGarPotr,Нагато Пейн,Учиха Хидате,герцогиня,-Uchiha-Artem-,СОНЯ,Izaya Orihara,CM Punk,Большой Брат,Канеки Учиха,Торуне,Deathstroke,Garadin,Pain,_ZeuS_,mazumuz,L Lawliet,Младший Брат,треш,Гусь,Ledi,Сбежавший Учиха,Курама Якумо,Хичиго Широсаки,тихиЙ ужаС,LoLka 80 lvl,Социопат,Brave,Djons,Изуки Мидория,Тобирама Сенджу,Кимимаро,ШикамарУ,Г а а р а,Ogawa,zzStop,Последователь,~KiLLeR~,Пчёлка,Alukard,_Призрак_,Mirajane,Mrak,Scifsyyh,Флэш,Тендо Нагато,~TITAN~,TheJoker,-Sally-,Хрустальный Лис,Акасуна_но_Сасори,StanLee,TipS,Корвин,Учиха Обито
20200616,130561,997263,962142,838074,826013,794212,781565,677397,639910,618593,594103,571972,554599,526245,500344,497780,471428,446375,429847,424822,421665,387670,381142,379528,363950,360822,354055,340491,336095,334920,333529,327891,321966,320754,300504,299620,298715,280884,274763,263732,253496,249440,248518,243429,243202,241704,240797,237813,233025,223481,223224,220765,214521,209350,208275,205881,204288,199831,199041,198868,198145,196432,193808,193371,193273,182132,177956,176322,174668,173483,165786,163965,163046,159169,153308,149844,149723,147911,145778,144106,142481,139152,138361,135849,135751,135730,132825,132021,129559,125801,122500,122415,118598,117727,117591,117204,115828,112986,112718,111625
date,Джирайя,Майто Гай,Uchiha Madara,Shisui,Айзен,AloneInTheDark,Rosich,sensey,Юморист,YuRaN III,Мастер ИП,Нет,Сайдзо,Orochimaru,Rokyro Rau,Rock Lee,Хедин,РИДИК,Tayuya,-Tobi-,Kira,Kirishima Touka,KillerNick,misha10x10x,DeYsTrave,Акабане Карма,Конс,Sakata Gintoki,Вулкан,Fludo,_Indra_,Социопат_мл,Леди ангел,Neji Hyuga,Йоши,Ога Тацуми,Vizer fon Ghoul,Silf,Trigun,Andara,Mikadzuki,Гаара,Konan,Freir,Firebug,ArtiGarPotr,Нагато Пейн,Учиха Хидате,герцогиня,-Uchiha-Artem-,СОНЯ,Izaya Orihara,CM Punk,Большой Брат,Канеки Учиха,Торуне,Deathstroke,Garadin,Pain,_ZeuS_,mazumuz,L Lawliet,Младший Брат,треш,Гусь,Ledi,Сбежавший Учиха,Курама Якумо,Хичиго Широсаки,тихиЙ ужаС,LoLka 80 lvl,Социопат,Brave,Djons,Изуки Мидория,Тобирама Сенджу,Кимимаро,ШикамарУ,Г а а р а,Ogawa,zzStop,Последователь,~KiLLeR~,Пчёлка,Alukard,_Призрак_,Mirajane,Mrak,Scifsyyh,Флэш,Тендо Нагато,~TITAN~,TheJoker,-Sally-,Хрустальный Лис,Акасуна_но_Сасори,StanLee,TipS,Корвин,Учиха Обито
20200617,130561,997654,962777,838485,826398,794345,781907,677650,640507,618593,594103,571972,554599,526245,501082,497780,471428,446375,429847,424822,421665,387670,381142,379528,363950,360822,354055,340491,336095,334920,333529,327891,321966,320754,300517,299620,299095,280884,274763,263732,253496,249440,248518,243429,243202,241704,240797,237813,233025,223481,223224,220765,214521,209626,208275,205881,204288,199831,199041,198868,198145,196432,193808,193371,193273,182132,177956,176322,174668,173483,165786,163965,163046,159498,153308,149844,149723,147911,145783,144106,142481,139152,138361,135849,135751,135730,132825,132021,129559,125801,122500,122415,118598,117727,117591,117204,115828,112986,112718,111625
date,Джирайя,Майто Гай,Uchiha Madara,Shisui,Айзен,AloneInTheDark,Rosich,sensey,Юморист,YuRaN III,Мастер ИП,Нет,Сайдзо,Orochimaru,Rokyro Rau,Rock Lee,Хедин,РИДИК,Tayuya,-Tobi-,Kira,Kirishima Touka,KillerNick,misha10x10x,DeYsTrave,Акабане Карма,Конс,Sakata Gintoki,Вулкан,Fludo,_Indra_,Социопат_мл,Леди ангел,Neji Hyuga,Йоши,Ога Тацуми,Vizer fon Ghoul,Silf,Trigun,Andara,Mikadzuki,Гаара,Konan,Freir,Firebug,ArtiGarPotr,Нагато Пейн,Учиха Хидате,герцогиня,-Uchiha-Artem-,СОНЯ,Izaya Orihara,CM Punk,Большой Брат,Канеки Учиха,Торуне,Deathstroke,Garadin,Pain,_ZeuS_,mazumuz,L Lawliet,Младший Брат,треш,Гусь,Ledi,Сбежавший Учиха,Курама Якумо,Хичиго Широсаки,тихиЙ ужаС,LoLka 80 lvl,Социопат,Brave,Djons,Изуки Мидория,Тобирама Сенджу,Кимимаро,ШикамарУ,Г а а р а,Ogawa,zzStop,Последователь,~KiLLeR~,Пчёлка,Alukard,_Призрак_,Mirajane,Mrak,Scifsyyh,Флэш,Тендо Нагато,~TITAN~,TheJoker,-Sally-,Хрустальный Лис,Акасуна_но_Сасори,StanLee,TipS,Корвин,Учиха Обито
20200618,130561,998060,963190,838885,826954,794414,782347,678112,640921,618593,594103,571972,554599,526245,501219,497780,471428,446375,429847,424822,421665,387670,381142,379528,363950,360822,354055,340491,336095,334920,333531,327891,321966,320754,300517,299620,299346,280884,274763,263732,253496,249440,248518,243429,243202,241704,240797,237813,233025,223481,223224,220765,214521,210008,208275,205881,204288,199831,199041,198868,198145,196432,193808,193371,193273,182132,177956,176322,174668,173483,165786,163965,163046,159755,153308,149844,149723,147911,145794,144106,142481,139152,138361,135849,135751,135730,132825,132021,129559,125801,122500,122415,118598,117727,117591,117204,115828,112986,112718,111625
date,Джирайя,Майто Гай,Uchiha Madara,Shisui,Айзен,AloneInTheDark,Rosich,sensey,Юморист,YuRaN III,Мастер ИП,Нет,Сайдзо,Orochimaru,Rokyro Rau,Rock Lee,Хедин,РИДИК,Tayuya,-Tobi-,Kira,Kirishima Touka,KillerNick,misha10x10x,DeYsTrave,Акабане Карма,Конс,Sakata Gintoki,Вулкан,Fludo,_Indra_,Социопат_мл,Леди ангел,Neji Hyuga,Йоши,Vizer fon Ghoul,Ога Тацуми,Silf,Trigun,Andara,Mikadzuki,Гаара,Konan,Freir,Firebug,ArtiGarPotr,Нагато Пейн,Учиха Хидате,герцогиня,-Uchiha-Artem-,СОНЯ,Izaya Orihara,CM Punk,Большой Брат,Канеки Учиха,Торуне,Deathstroke,Garadin,Pain,_ZeuS_,mazumuz,L Lawliet,Младший Брат,треш,Гусь,Ledi,Сбежавший Учиха,Курама Якумо,Хичиго Широсаки,тихиЙ ужаС,LoLka 80 lvl,Социопат,Brave,Djons,Изуки Мидория,Тобирама Сенджу,Кимимаро,ШикамарУ,Г а а р а,Ogawa,zzStop,Последователь,~KiLLeR~,Пчёлка,Alukard,_Призрак_,Mirajane,Mrak,Scifsyyh,Флэш,Тендо Нагато,~TITAN~,TheJoker,-Sally-,Хрустальный Лис,Акасуна_но_Сасори,StanLee,TipS,Корвин,Учиха Обито
20200619,130601,998449,963408,839162,827364,794886,782672,678287,641316,618593,594103,571972,554599,526245,501828,497780,471428,446375,429847,424822,421665,387670,381142,379528,363950,360822,354055,340491,336095,334920,333531,327891,321966,320754,300517,299793,299620,280884,274763,263732,253496,249440,248518,243429,243202,241704,240797,237813,233025,223481,223224,220765,214521,210367,208275,205881,204288,199831,199041,198868,198145,196432,193808,193371,193273,182132,177956,176322,174668,173483,165786,164339,163046,159755,153308,149844,149723,147911,145803,144106,142481,139152,138361,135849,135751,135730,132825,132021,129559,125801,122500,122415,118598,117727,117591,117204,115828,112986,112718,111625
date,Джирайя,Майто Гай,Uchiha Madara,Shisui,Айзен,AloneInTheDark,Rosich,sensey,Юморист,YuRaN III,Мастер ИП,Нет,Сайдзо,Orochimaru,Rokyro Rau,Rock Lee,Хедин,РИДИК,Tayuya,-Tobi-,Kira,Kirishima Touka,KillerNick,misha10x10x,DeYsTrave,Акабане Карма,Конс,Sakata Gintoki,Вулкан,Fludo,_Indra_,Социопат_мл,Леди ангел,Neji Hyuga,Йоши,Vizer fon Ghoul,Ога Тацуми,Silf,Trigun,Andara,Mikadzuki,Гаара,Konan,Freir,Firebug,ArtiGarPotr,Нагато Пейн,Учиха Хидате,герцогиня,-Uchiha-Artem-,СОНЯ,Izaya Orihara,CM Punk,Большой Брат,Канеки Учиха,Торуне,Deathstroke,Garadin,Pain,_ZeuS_,mazumuz,L Lawliet,Младший Брат,треш,Гусь,Ledi,Сбежавший Учиха,Курама Якумо,Хичиго Широсаки,тихиЙ ужаС,LoLka 80 lvl,Социопат,Brave,Djons,Изуки Мидория,Тобирама Сенджу,Кимимаро,ШикамарУ,Г а а р а,Ogawa,zzStop,Последователь,~KiLLeR~,Пчёлка,Alukard,_Призрак_,Mirajane,Mrak,Scifsyyh,Флэш,Тендо Нагато,~TITAN~,TheJoker,-Sally-,Хрустальный Лис,Акасуна_но_Сасори,StanLee,TipS,Корвин,Учиха Обито
20200620,130645,998834,963961,839162,827687,794963,783122,678651,641714,618593,594103,571972,554599,526245,502052,497780,471428,446375,429847,424822,421665,387670,381142,379528,363950,360822,354055,340491,336095,334920,333531,327891,321966,320754,300530,300065,299620,280884,274763,263732,253496,249440,248518,243429,243202,241704,240797,237813,233025,223481,223224,220765,214521,210622,208275,205881,204288,199831,199041,198868,198145,196432,193808,193371,193273,182132,177956,176322,174668,173483,165786,164496,163046,159823,153308,149844,149723,147911,145808,144106,142481,139152,138361,135849,135751,135730,132825,132021,129559,125801,122500,122415,118598,117727,117591,117204,115828,112986,112718,111625
date,Джирайя,Майто Гай,Uchiha Madara,Shisui,Айзен,AloneInTheDark,Rosich,sensey,Юморист,YuRaN III,Мастер ИП,Нет,Сайдзо,Orochimaru,Rokyro Rau,Rock Lee,Хедин,РИДИК,Tayuya,-Tobi-,Kira,Kirishima Touka,KillerNick,misha10x10x,DeYsTrave,Акабане Карма,Конс,Sakata Gintoki,Вулкан,Fludo,_Indra_,Социопат_мл,Леди ангел,Neji Hyuga,Йоши,Vizer fon Ghoul,Ога Тацуми,Silf,Trigun,Andara,Mikadzuki,Гаара,Konan,Freir,Firebug,ArtiGarPotr,Нагато Пейн,Учиха Хидате,герцогиня,-Uchiha-Artem-,СОНЯ,Izaya Orihara,CM Punk,Большой Брат,Канеки Учиха,Торуне,Deathstroke,Garadin,Pain,_ZeuS_,mazumuz,L Lawliet,Младший Брат,треш,Гусь,Ledi,Сбежавший Учиха,Курама Якумо,Хичиго Широсаки,тихиЙ ужаС,LoLka 80 lvl,Социопат,Brave,Djons,Изуки Мидория,Тобирама Сенджу,Кимимаро,ШикамарУ,Г а а р а,Ogawa,zzStop,Последователь,~KiLLeR~,Пчёлка,Alukard,_Призрак_,Mirajane,Mrak,Scifsyyh,Флэш,Тендо Нагато,~TITAN~,TheJoker,-Sally-,Хрустальный Лис,Акасуна_но_Сасори,StanLee,TipS,Корвин,Учиха Обито
20200621,130645,999238,964508,839780,828184,795317,783466,679141,642115,618593,594103,571972,554599,526245,502581,497780,471428,446375,429847,424822,421665,387670,381142,379528,363950,360822,354055,340491,336095,334920,333531,327891,321966,320754,300539,300503,299620,280884,274763,263732,253496,249440,248518,243429,243202,241704,240797,237813,233025,223481,223224,220765,214521,210979,208275,205881,204288,199831,199041,198868,198145,196432,193808,193371,193273,182132,177956,176322,174668,173483,165786,164966,163046,160086,153308,149844,149723,147911,145813,144106,142481,139153,138361,135849,135751,135730,132825,132021,129559,125801,122500,122415,118598,117727,117591,117204,115828,112986,112718,111625
date,Джирайя,Майто Гай,Uchiha Madara,Shisui,Айзен,AloneInTheDark,Rosich,sensey,Юморист,YuRaN III,Мастер ИП,Нет,Сайдзо,Orochimaru,Rokyro Rau,Rock Lee,Хедин,РИДИК,Tayuya,-Tobi-,Kira,Kirishima Touka,KillerNick,misha10x10x,DeYsTrave,Акабане Карма,Конс,Sakata Gintoki,Вулкан,Fludo,_Indra_,Социопат_мл,Леди ангел,Neji Hyuga,Vizer fon Ghoul,Йоши,Ога Тацуми,Silf,Trigun,Andara,Mikadzuki,Гаара,Konan,Freir,Firebug,ArtiGarPotr,Нагато Пейн,Учиха Хидате,герцогиня,-Uchiha-Artem-,СОНЯ,Izaya Orihara,CM Punk,Большой Брат,Канеки Учиха,Торуне,Deathstroke,Garadin,Pain,_ZeuS_,mazumuz,L Lawliet,Младший Брат,треш,Гусь,Ledi,Сбежавший Учиха,Курама Якумо,Хичиго Широсаки,тихиЙ ужаС,LoLka 80 lvl,Социопат,Brave,Djons,Изуки Мидория,Тобирама Сенджу,Кимимаро,ШикамарУ,Г а а р а,Ogawa,zzStop,Последователь,~KiLLeR~,Пчёлка,Alukard,_Призрак_,Mirajane,Mrak,Scifsyyh,Флэш,Тендо Нагато,~TITAN~,TheJoker,-Sally-,Хрустальный Лис,Акасуна_но_Сасори,StanLee,TipS,Корвин,Учиха Обито
20200622,130645,999640,964929,840192,828810,795917,783888,679415,642322,618593,594103,571972,554599,526245,502885,497780,471428,446375,429847,424822,421665,387670,381142,379528,363950,360830,354055,340491,336095,334920,333531,327891,321966,320754,300805,300539,299620,280884,274763,263732,253496,249440,248518,243429,243202,241704,240797,237813,233025,223481,223224,220765,214521,211499,208275,205930,204289,199831,199041,198868,198145,196432,193808,193371,193273,182132,177956,176322,174668,173483,165786,165074,163046,160549,153308,149844,149723,147911,145818,144106,142481,139153,138361,135849,135751,135730,132825,132021,129559,125801,122500,122415,118598,117727,117591,117204,115828,112986,112718,111625
date,Джирайя,Майто Гай,Uchiha Madara,Shisui,Айзен,AloneInTheDark,Rosich,sensey,Юморист,YuRaN III,Мастер ИП,Нет,Сайдзо,Orochimaru,Rokyro Rau,Rock Lee,Хедин,РИДИК,Tayuya,-Tobi-,Kira,Kirishima Touka,KillerNick,misha10x10x,DeYsTrave,Акабане Карма,Конс,Sakata Gintoki,Вулкан,Fludo,_Indra_,Социопат_мл,Леди ангел,Neji Hyuga,Vizer fon Ghoul,Йоши,Ога Тацуми,Silf,Trigun,Andara,Mikadzuki,Гаара,Konan,Freir,Firebug,ArtiGarPotr,Нагато Пейн,Учиха Хидате,герцогиня,-Uchiha-Artem-,СОНЯ,Izaya Orihara,CM Punk,Большой Брат,Канеки Учиха,Торуне,Deathstroke,Garadin,Pain,_ZeuS_,mazumuz,L Lawliet,Младший Брат,треш,Гусь,Ledi,Сбежавший Учиха,Курама Якумо,Хичиго Широсаки,тихиЙ ужаС,LoLka 80 lvl,Социопат,Brave,Djons,Изуки Мидория,Тобирама Сенджу,Кимимаро,ШикамарУ,Г а а р а,Ogawa,zzStop,Последователь,~KiLLeR~,Пчёлка,Alukard,_Призрак_,Mirajane,Mrak,Scifsyyh,Флэш,Тендо Нагато,~TITAN~,TheJoker,-Sally-,Хрустальный Лис,Акасуна_но_Сасори,StanLee,TipS,Корвин,Учиха Обито
20200623,130705,100003,965366,840597,829354,796075,784271,679890,642890,618593,594103,571972,554599,526245,502930,497780,471428,446375,429847,424822,421665,387670,381142,379528,363950,360830,354055,340491,336095,334920,333531,327891,321966,320754,301120,300552,299620,280884,274763,263732,253496,249440,248518,243429,243202,241704,240797,237813,233025,223481,223224,220765,214521,211848,208275,205930,204289,199831,199041,198868,198145,196432,193808,193371,193273,182132,177956,176322,174668,173483,165786,165518,163046,160837,153308,149844,149723,147911,145827,144106,142481,139153,138361,135849,135751,135730,132825,132021,129559,125801,122502,122415,118598,117727,117591,117204,115828,112986,112718,111625
date,Джирайя,Майто Гай,Uchiha Madara,Shisui,Айзен,AloneInTheDark,Rosich,sensey,Юморист,YuRaN III,Мастер ИП,Нет,Сайдзо,Orochimaru,Rokyro Rau,Rock Lee,Хедин,РИДИК,Tayuya,-Tobi-,Kira,Kirishima Touka,KillerNick,misha10x10x,DeYsTrave,Акабане Карма,Конс,Sakata Gintoki,Вулкан,Fludo,_Indra_,Социопат_мл,Леди ангел,Neji Hyuga,Vizer fon Ghoul,Йоши,Ога Тацуми,Silf,Trigun,Andara,Mikadzuki,Гаара,Konan,Freir,Firebug,ArtiGarPotr,Нагато Пейн,Учиха Хидате,герцогиня,-Uchiha-Artem-,СОНЯ,Izaya Orihara,CM Punk,Большой Брат,Канеки Учиха,Торуне,Deathstroke,Garadin,Pain,_ZeuS_,mazumuz,L Lawliet,Младший Брат,треш,Гусь,Ledi,Сбежавший Учиха,Курама Якумо,Хичиго Широсаки,тихиЙ ужаС,LoLka 80 lvl,Социопат,Brave,Djons,Изуки Мидория,Тобирама Сенджу,Кимимаро,ШикамарУ,Г а а р а,Ogawa,zzStop,Последователь,~KiLLeR~,Пчёлка,Alukard,_Призрак_,Mirajane,Mrak,Scifsyyh,Флэш,Тендо Нагато,~TITAN~,TheJoker,-Sally-,Хрустальный Лис,Акасуна_но_Сасори,StanLee,TipS,Корвин,Учиха Обито
20200624,130750,100043,965718,840988,829685,796201,784744,680074,643290,618593,594103,571972,554599,526245,503493,497780,471428,446375,429847,424822,421665,387670,381142,379528,363950,360830,354055,340491,336095,334920,333531,327891,321966,320754,301702,300552,299620,280884,274763,263732,253496,249440,248518,243429,243202,241704,240797,237813,233025,223481,223224,220765,214521,212068,208275,205930,204289,199831,199041,198868,198145,196432,193808,193371,193273,182132,177956,176322,174668,173483,165786,165747,163046,161235,153308,149844,149723,147911,145832,144106,142481,139153,138361,135849,135751,135730,132825,132021,129559,125801,122502,122415,118598,117727,117591,117204,115828,112986,112718,111625
date,Джирайя,Майто Гай,Uchiha Madara,Shisui,Айзен,AloneInTheDark,Rosich,sensey,Юморист,YuRaN III,Мастер ИП,Нет,Сайдзо,Orochimaru,Rokyro Rau,Rock Lee,Хедин,РИДИК,Tayuya,-Tobi-,Kira,Kirishima Touka,KillerNick,misha10x10x,DeYsTrave,Акабане Карма,Конс,Sakata Gintoki,Вулкан,Fludo,_Indra_,Социопат_мл,Леди ангел,Neji Hyuga,Vizer fon Ghoul,Йоши,Ога Тацуми,Silf,Trigun,Andara,Mikadzuki,Гаара,Konan,Freir,Firebug,ArtiGarPotr,Нагато Пейн,Учиха Хидате,герцогиня,-Uchiha-Artem-,СОНЯ,Izaya Orihara,CM Punk,Большой Брат,Канеки Учиха,Торуне,Deathstroke,Garadin,Pain,_ZeuS_,mazumuz,L Lawliet,Младший Брат,треш,Гусь,Ledi,Сбежавший Учиха,Курама Якумо,Хичиго Широсаки,тихиЙ ужаС,Социопат,LoLka 80 lvl,Brave,Djons,Изуки Мидория,Тобирама Сенджу,Кимимаро,ШикамарУ,Г а а р а,Ogawa,zzStop,Последователь,~KiLLeR~,Пчёлка,Alukard,_Призрак_,Mirajane,Mrak,Scifsyyh,Флэш,Тендо Нагато,~TITAN~,TheJoker,-Sally-,Хрустальный Лис,Акасуна_но_Сасори,StanLee,TipS,Корвин,Учиха Обито
20200625,130797,100091,966317,841398,830135,796504,785116,680580,643684,618593,594103,571972,554599,526245,503609,497780,471428,446375,429847,424822,421665,387670,381142,379528,363950,360830,354055,340491,336095,334920,333531,327891,321966,320754,302177,300552,299620,280884,274763,263740,253496,249440,248518,243429,243202,241704,240797,237813,233025,223481,223224,220765,214521,212460,208275,205930,204289,199831,199041,198868,198145,196432,193808,193371,193273,182132,177956,176322,174668,173483,166189,165786,163046,161459,153308,149844,149723,147911,145832,144106,142481,139153,138361,135849,135751,135730,132825,132021,129559,125801,122502,122415,118598,117727,117591,117204,115828,112986,112718,111625
date,Джирайя,Майто Гай,Uchiha Madara,Shisui,Айзен,AloneInTheDark,Rosich,sensey,Юморист,YuRaN III,Мастер ИП,Нет,Сайдзо,Orochimaru,Rokyro Rau,Rock Lee,Хедин,РИДИК,Tayuya,-Tobi-,Kira,Kirishima Touka,KillerNick,misha10x10x,DeYsTrave,Акабане Карма,Конс,Sakata Gintoki,Вулкан,Fludo,_Indra_,Социопат_мл,Леди ангел,Neji Hyuga,Vizer fon Ghoul,Йоши,Ога Тацуми,Silf,Trigun,Andara,Mikadzuki,Гаара,Konan,Freir,Firebug,ArtiGarPotr,Нагато Пейн,Учиха Хидате,герцогиня,-Uchiha-Artem-,СОНЯ,Izaya Orihara,CM Punk,Большой Брат,Канеки Учиха,Торуне,Deathstroke,Garadin,Pain,_ZeuS_,mazumuz,L Lawliet,Младший Брат,треш,Гусь,Ledi,Сбежавший Учиха,Курама Якумо,Хичиго Широсаки,тихиЙ ужаС,Социопат,LoLka 80 lvl,Brave,Djons,Изуки Мидория,Тобирама Сенджу,Кимимаро,ШикамарУ,Г а а р а,Ogawa,zzStop,Последователь,~KiLLeR~,Пчёлка,Alukard,_Призрак_,Mirajane,Mrak,Scifsyyh,Флэш,Тендо Нагато,~TITAN~,TheJoker,-Sally-,Хрустальный Лис,Акасуна_но_Сасори,StanLee,TipS,Корвин,Учиха Обито
20200626,130797,100131,966755,841802,830737,796745,785495,680770,644078,618593,594103,571972,554599,526245,504173,497780,471428,446375,429847,424822,421665,387670,381142,379528,363950,360830,354055,340491,336095,334920,333531,327891,321966,320754,302471,300552,299620,280884,274763,263740,253496,249440,248518,243429,243202,241704,240797,237813,233025,223481,223224,220765,214521,212723,208275,205930,204289,199831,199041,198868,198145,196432,193808,193371,193273,182132,177956,176322,174668,173483,166446,165786,163046,161579,153308,149844,149723,147911,145836,144106,142481,139153,138361,135849,135751,135730,132825,132021,129559,125801,122502,122415,118598,117727,117591,117204,115828,113024,112718,111625
date,Джирайя,Майто Гай,Uchiha Madara,Shisui,Айзен,AloneInTheDark,Rosich,sensey,Юморист,YuRaN III,Мастер ИП,Нет,Сайдзо,Orochimaru,Rokyro Rau,Rock Lee,Хедин,РИДИК,Tayuya,-Tobi-,Kira,Kirishima Touka,KillerNick,misha10x10x,DeYsTrave,Акабане Карма,Конс,Sakata Gintoki,Вулкан,Fludo,_Indra_,Социопат_мл,Леди ангел,Neji Hyuga,Vizer fon Ghoul,Йоши,Ога Тацуми,Silf,Trigun,Andara,Mikadzuki,Гаара,Konan,Freir,Firebug,ArtiGarPotr,Нагато Пейн,Учиха Хидате,герцогиня,-Uchiha-Artem-,СОНЯ,Izaya Orihara,CM Punk,Большой Брат,Канеки Учиха,Торуне,Deathstroke,Garadin,Pain,_ZeuS_,mazumuz,L Lawliet,Младший Брат,треш,Гусь,Ledi,Сбежавший Учиха,Курама Якумо,Хичиго Широсаки,тихиЙ ужаС,Социопат,LoLka 80 lvl,Brave,Djons,Изуки Мидория,Тобирама Сенджу,Кимимаро,ШикамарУ,Г а а р а,Ogawa,zzStop,Последователь,~KiLLeR~,Пчёлка,Alukard,_Призрак_,Mirajane,Mrak,Scifsyyh,Флэш,Тендо Нагато,~TITAN~,TheJoker,-Sally-,Хрустальный Лис,Акасуна_но_Сасори,StanLee,TipS,Корвин,Учиха Обито
20200627,130797,100168,967243,842202,831106,797370,785870,681125,644477,618593,594103,571972,554599,526245,504378,497780,471428,446375,429847,424822,421665,387670,381142,379528,363950,360830,354055,340491,336095,334920,333531,327891,321966,320754,302773,300552,299620,280884,274763,263748,253496,249440,248518,243429,243202,241704,240797,237813,233025,223481,223224,220765,214521,213081,208275,205930,204289,199831,199041,198868,198145,196432,193808,193371,193273,182132,177956,176322,174668,173483,166739,165786,163046,162232,153308,149844,149723,147911,145840,144106,142481,139153,138361,135849,135751,135730,132825,132021,129559,125801,122502,122415,118598,117727,117591,117204,115828,113024,112718,111625
date,Джирайя,Майто Гай,Uchiha Madara,Shisui,Айзен,AloneInTheDark,Rosich,sensey,Юморист,YuRaN III,Мастер ИП,Нет,Сайдзо,Orochimaru,Rokyro Rau,Rock Lee,Хедин,РИДИК,Tayuya,-Tobi-,Kira,Kirishima Touka,KillerNick,misha10x10x,DeYsTrave,Акабане Карма,Конс,Sakata Gintoki,Вулкан,Fludo,_Indra_,Социопат_мл,Леди ангел,Neji Hyuga,Vizer fon Ghoul,Йоши,Ога Тацуми,Silf,Trigun,Andara,Mikadzuki,Гаара,Konan,Freir,Firebug,ArtiGarPotr,Нагато Пейн,Учиха Хидате,герцогиня,-Uchiha-Artem-,СОНЯ,Izaya Orihara,CM Punk,Большой Брат,Канеки Учиха,Торуне,Deathstroke,Garadin,Pain,_ZeuS_,mazumuz,L Lawliet,Младший Брат,треш,Гусь,Ledi,Сбежавший Учиха,Курама Якумо,Хичиго Широсаки,тихиЙ ужаС,Социопат,LoLka 80 lvl,Brave,Djons,Изуки Мидория,Тобирама Сенджу,Кимимаро,ШикамарУ,Г а а р а,Ogawa,zzStop,Последователь,~KiLLeR~,Пчёлка,Alukard,_Призрак_,Mirajane,Mrak,Scifsyyh,Флэш,Тендо Нагато,~TITAN~,TheJoker,-Sally-,Хрустальный Лис,Акасуна_но_Сасори,StanLee,TipS,Корвин,Учиха Обито
20200628,130797,100209,967653,842596,831531,797635,786222,681601,644875,618593,594103,571972,554599,526245,504860,497780,471428,446375,429847,424822,421665,387670,381142,379528,363950,360830,354055,340491,336095,334920,333531,327891,321966,320754,303210,301027,299620,280884,274763,263748,253496,249440,248518,243429,243202,241704,240797,237813,233025,223481,223224,220765,214521,213556,208275,205930,204289,199831,199041,198868,198145,196432,193808,193371,193273,182132,177956,176322,174668,173483,167192,165786,163046,162576,153308,149844,149723,147911,145850,144106,142481,139153,138361,135849,135751,135730,132825,132021,129559,125801,122502,122415,118598,117727,117591,117204,115828,113024,112718,111625
date,Джирайя,Майто Гай,Uchiha Madara,Shisui,Айзен,AloneInTheDark,Rosich,sensey,Юморист,YuRaN III,Мастер ИП,Нет,Сайдзо,Orochimaru,Rokyro Rau,Rock Lee,Хедин,РИДИК,Tayuya,-Tobi-,Kira,Kirishima Touka,KillerNick,misha10x10x,DeYsTrave,Акабане Карма,Конс,Sakata Gintoki,Вулкан,Fludo,_Indra_,Социопат_мл,Леди ангел,Neji Hyuga,Vizer fon Ghoul,Йоши,Ога Тацуми,Silf,Trigun,Andara,Mikadzuki,Гаара,Konan,Freir,Firebug,ArtiGarPotr,Нагато Пейн,Учиха Хидате,герцогиня,-Uchiha-Artem-,СОНЯ,Izaya Orihara,CM Punk,Большой Брат,Канеки Учиха,Торуне,Deathstroke,Garadin,Pain,_ZeuS_,mazumuz,L Lawliet,Младший Брат,треш,Гусь,Ledi,Сбежавший Учиха,Курама Якумо,Хичиго Широсаки,тихиЙ ужаС,Социопат,LoLka 80 lvl,Brave,Djons,Изуки Мидория,Тобирама Сенджу,Кимимаро,ШикамарУ,Г а а р а,Ogawa,zzStop,Последователь,~KiLLeR~,Пчёлка,Alukard,_Призрак_,Mirajane,Mrak,Scifsyyh,Флэш,Тендо Нагато,~TITAN~,TheJoker,-Sally-,Хрустальный Лис,Акасуна_но_Сасори,StanLee,TipS,Корвин,Учиха Обито
20200629,130797,100248,968137,842994,832592,797805,786631,682016,645266,618593,594103,571972,554599,526245,505133,497780,471428,446375,429847,424822,421665,387670,381142,379528,363950,360830,354055,340491,336095,334920,333531,327891,321966,320754,303649,301291,299620,280884,274763,263748,253496,249440,248518,243429,243202,241704,240797,237813,233025,223481,223224,220765,214521,213874,208275,205930,204289,199831,199041,198868,198145,196432,193808,193371,193273,182132,177956,176322,174668,173483,167454,165786,163046,162908,153308,149844,149723,147911,145863,144106,142481,139153,138361,135849,135751,135730,132825,132021,129559,125801,122502,122415,118598,117727,117591,117204,115828,113024,112718,111625
date,Джирайя,Майто Гай,Uchiha Madara,Shisui,Айзен,AloneInTheDark,Rosich,sensey,Юморист,YuRaN III,Мастер ИП,Нет,Сайдзо,Orochimaru,Rokyro Rau,Rock Lee,Хедин,РИДИК,Tayuya,-Tobi-,Kira,Kirishima Touka,KillerNick,misha10x10x,DeYsTrave,Акабане Карма,Конс,Sakata Gintoki,Вулкан,Fludo,_Indra_,Социопат_мл,Леди ангел,Neji Hyuga,Vizer fon Ghoul,Йоши,Ога Тацуми,Silf,Trigun,Andara,Mikadzuki,Гаара,Konan,Freir,Firebug,ArtiGarPotr,Нагато Пейн,Учиха Хидате,герцогиня,-Uchiha-Artem-,СОНЯ,Izaya Orihara,CM Punk,Большой Брат,Канеки Учиха,Торуне,Deathstroke,Garadin,Pain,_ZeuS_,mazumuz,L Lawliet,Младший Брат,треш,Гусь,Ledi,Сбежавший Учиха,Курама Якумо,Хичиго Широсаки,тихиЙ ужаС,Социопат,LoLka 80 lvl,Djons,Brave,Изуки Мидория,Тобирама Сенджу,Кимимаро,ШикамарУ,Г а а р а,Ogawa,zzStop,Последователь,~KiLLeR~,Пчёлка,Alukard,_Призрак_,Mirajane,Mrak,Scifsyyh,Флэш,Тендо Нагато,~TITAN~,TheJoker,-Sally-,Хрустальный Лис,Акасуна_но_Сасори,StanLee,TipS,Корвин,Учиха Обито
20200630,130797,100266,968625,843408,833070,798321,787024,682201,645664,618593,594103,571972,554599,526245,505475,497780,471428,446391,429847,424822,421665,387670,381142,379528,363950,360830,354055,340491,336095,334920,333531,327891,321966,320754,304038,301700,299620,280884,274763,263748,253496,249440,248518,243429,243202,241704,240797,237813,233025,223481,223224,220765,214521,214162,208275,205930,204289,199831,199041,198868,198145,196432,193808,193371,193273,182132,177956,176322,174668,173483,167807,165786,163249,163046,153308,149844,149723,147911,145874,144106,142481,139153,138361,135849,135751,135730,132825,132021,129559,125801,122502,122415,118598,117727,117591,117204,115828,113024,112718,111625
date,Джирайя,Майто Гай,Uchiha Madara,Shisui,Айзен,AloneInTheDark,Rosich,sensey,Юморист,YuRaN III,Мастер ИП,Нет,Сайдзо,Orochimaru,Rokyro Rau,Rock Lee,Хедин,РИДИК,Tayuya,-Tobi-,Kira,Kirishima Touka,KillerNick,misha10x10x,DeYsTrave,Акабане Карма,Конс,Sakata Gintoki,Вулкан,Fludo,_Indra_,Социопат_мл,Леди ангел,Neji Hyuga,Vizer fon Ghoul,Йоши,Ога Тацуми,Silf,Trigun,Andara,Mikadzuki,Гаара,Konan,Freir,Firebug,ArtiGarPotr,Нагато Пейн,Учиха Хидате,герцогиня,-Uchiha-Artem-,СОНЯ,Izaya Orihara,CM Punk,Большой Брат,Канеки Учиха,Торуне,Deathstroke,Garadin,Pain,_ZeuS_,mazumuz,L Lawliet,Младший Брат,треш,Гусь,Ledi,Сбежавший Учиха,Курама Якумо,Хичиго Широсаки,тихиЙ ужаС,Социопат,LoLka 80 lvl,Djons,Brave,Изуки Мидория,Тобирама Сенджу,Кимимаро,ШикамарУ,Г а а р а,Ogawa,zzStop,Последователь,~KiLLeR~,Пчёлка,Alukard,_Призрак_,Mirajane,Mrak,Scifsyyh,Флэш,Тендо Нагато,~TITAN~,TheJoker,-Sally-,Хрустальный Лис,Акасуна_но_Сасори,StanLee,TipS,Корвин,Учиха Обито
20200701,130848,100320,968977,843814,833546,798520,787402,682536,646059,618593,594103,571972,554599,526245,506038,497780,471453,446391,429847,424822,421665,387670,381142,379528,363950,360830,354055,340491,336095,334920,333531,327891,321966,320754,304332,301700,299620,280884,274763,263748,253496,249440,248518,243429,243202,241704,240797,237813,233025,223481,223224,220765,214521,214462,208275,205930,204289,199831,199041,198868,198145,196432,193808,193371,193273,182132,177956,176322,174668,173483,167807,165786,163576,163046,153308,149844,149723,147911,145883,144106,142481,139153,138361,135849,135751,135730,132825,132021,129559,125801,122502,122415,118598,117727,117591,117204,115828,113024,112718,111625
date,Джирайя,Майто Гай,Uchiha Madara,Shisui,Айзен,AloneInTheDark,Rosich,sensey,Юморист,YuRaN III,Мастер ИП,Нет,Сайдзо,Orochimaru,Rokyro Rau,Rock Lee,Хедин,РИДИК,Tayuya,-Tobi-,Kira,Kirishima Touka,KillerNick,misha10x10x,DeYsTrave,Акабане Карма,Конс,Sakata Gintoki,Вулкан,Fludo,_Indra_,Социопат_мл,Леди ангел,Neji Hyuga,Vizer fon Ghoul,Йоши,Ога Тацуми,Silf,Trigun,Andara,Mikadzuki,Гаара,Konan,Freir,Firebug,ArtiGarPotr,Нагато Пейн,Учиха Хидате,герцогиня,-Uchiha-Artem-,СОНЯ,Izaya Orihara,Большой Брат,CM Punk,Канеки Учиха,Торуне,Deathstroke,Garadin,Pain,_ZeuS_,mazumuz,L Lawliet,Младший Брат,треш,Гусь,Ledi,Сбежавший Учиха,Курама Якумо,Хичиго Широсаки,тихиЙ ужаС,Социопат,LoLka 80 lvl,Djons,Brave,Изуки Мидория,Тобирама Сенджу,Кимимаро,ШикамарУ,Г а а р а,Ogawa,zzStop,Последователь,~KiLLeR~,Пчёлка,Alukard,_Призрак_,Mirajane,Mrak,Scifsyyh,Флэш,Тендо Нагато,~TITAN~,TheJoker,-Sally-,Хрустальный Лис,Акасуна_но_Сасори,StanLee,TipS,Корвин,Учиха Обито
20200702,130893,100360,969401,844205,834052,799044,787781,682981,646456,618593,594103,571972,554599,526245,506226,497780,471962,446391,429847,424822,421665,387670,381142,379528,363950,360830,354055,340491,336095,334920,333531,327891,321966,320754,304428,301700,299620,280884,274763,263748,253528,249440,248518,243429,243202,241704,240797,237813,233025,223481,223224,220765,214785,214521,208275,205930,204289,199831,199041,198868,198145,196432,193808,193371,193273,182132,177956,176322,174668,173483,167807,165786,163908,163046,153308,149844,149723,147911,145888,144106,142481,139153,138361,135849,135751,135730,132825,132021,129559,125801,122502,122415,118598,117727,117591,117204,115828,113024,112718,111625
date,Джирайя,Майто Гай,Uchiha Madara,Shisui,Айзен,AloneInTheDark,Rosich,sensey,Юморист,YuRaN III,Мастер ИП,Нет,Сайдзо,Orochimaru,Rokyro Rau,Rock Lee,Хедин,РИДИК,Tayuya,-Tobi-,Kira,Kirishima Touka,KillerNick,misha10x10x,DeYsTrave,Акабане Карма,Конс,Sakata Gintoki,Вулкан,Fludo,_Indra_,Социопат_мл,Леди ангел,Neji Hyuga,Vizer fon Ghoul,Йоши,Ога Тацуми,Silf,Trigun,Andara,Mikadzuki,Гаара,Konan,Freir,Firebug,ArtiGarPotr,Нагато Пейн,Учиха Хидате,герцогиня,-Uchiha-Artem-,СОНЯ,Izaya Orihara,Большой Брат,CM Punk,Канеки Учиха,Торуне,Deathstroke,Garadin,Pain,_ZeuS_,mazumuz,L Lawliet,Младший Брат,треш,Гусь,Ledi,Сбежавший Учиха,Курама Якумо,Хичиго Широсаки,тихиЙ ужаС,Социопат,LoLka 80 lvl,Djons,Brave,Изуки Мидория,Тобирама Сенджу,Кимимаро,ШикамарУ,Г а а р а,Ogawa,zzStop,Последователь,~KiLLeR~,Пчёлка,Alukard,_Призрак_,Mirajane,Mrak,Scifsyyh,Флэш,Тендо Нагато,~TITAN~,TheJoker,-Sally-,Хрустальный Лис,Акасуна_но_Сасори,StanLee,TipS,Корвин,Учиха Обито
20200703,130923,100399,969812,844617,834513,799073,788164,683511,646856,618593,594103,571972,554599,526245,506687,497780,471963,446391,429847,424822,421665,387670,381142,379528,363950,360830,354055,340491,336095,334920,333531,327891,321966,320754,304526,302114,299620,280884,274763,263748,253528,249440,248518,243429,243202,241704,240797,237813,233025,223481,223224,220765,215203,214521,208275,205930,204289,199831,199041,198868,198145,196432,193808,193371,193273,182132,177956,176322,174668,173483,167807,165786,164241,163046,153308,149844,149723,147911,145900,144106,142481,139153,138361,135849,135751,135730,132825,132021,129559,125801,122502,122415,118598,117727,117591,117204,115828,113024,112718,111625
date,Джирайя,Майто Гай,Uchiha Madara,Shisui,Айзен,AloneInTheDark,Rosich,sensey,Юморист,YuRaN III,Мастер ИП,Нет,Сайдзо,Orochimaru,Rokyro Rau,Rock Lee,Хедин,РИДИК,Tayuya,-Tobi-,Kira,Kirishima Touka,KillerNick,misha10x10x,DeYsTrave,Акабане Карма,Конс,Sakata Gintoki,Вулкан,Fludo,_Indra_,Социопат_мл,Леди ангел,Neji Hyuga,Vizer fon Ghoul,Йоши,Ога Тацуми,Silf,Trigun,Andara,Mikadzuki,Гаара,Konan,Freir,Firebug,ArtiGarPotr,Нагато Пейн,Учиха Хидате,герцогиня,-Uchiha-Artem-,СОНЯ,Izaya Orihara,Большой Брат,CM Punk,Канеки Учиха,Торуне,Deathstroke,Garadin,Pain,_ZeuS_,mazumuz,L Lawliet,Младший Брат,треш,Гусь,Ledi,Сбежавший Учиха,Курама Якумо,Хичиго Широсаки,тихиЙ ужаС,Социопат,LoLka 80 lvl,Djons,Brave,Изуки Мидория,Тобирама Сенджу,Кимимаро,ШикамарУ,Г а а р а,Ogawa,zzStop,Последователь,~KiLLeR~,Пчёлка,Alukard,_Призрак_,Mirajane,Mrak,Scifsyyh,Флэш,Тендо Нагато,~TITAN~,TheJoker,-Sally-,Хрустальный Лис,Акасуна_но_Сасори,StanLee,TipS,Корвин,Учиха Обито
20200704,130934,100438,970443,844904,835064,799085,788378,683731,647243,618593,594103,571972,554599,526245,506783,497780,471963,446391,429847,424822,421665,387670,381142,379528,363950,360830,354055,340491,336095,334920,333531,327891,321966,320754,304826,302523,299620,280884,274763,263748,253528,249440,248518,243429,243202,241704,240797,237813,233025,223481,223224,220765,215597,214521,208275,205930,204289,199831,199041,198868,198145,196432,193808,193371,193273,182132,177956,176322,174668,173483,167807,165786,164583,163046,153308,149844,149723,147911,145908,144106,142481,139153,138361,135849,135751,135730,132825,132021,129559,125801,122502,122415,118598,117727,117591,117204,115828,113024,112718,111625
date,Джирайя,Майто Гай,Uchiha Madara,Shisui,Айзен,AloneInTheDark,Rosich,sensey,Юморист,YuRaN III,Мастер ИП,Нет,Сайдзо,Orochimaru,Rokyro Rau,Rock Lee,Хедин,РИДИК,Tayuya,-Tobi-,Kira,Kirishima Touka,KillerNick,misha10x10x,DeYsTrave,Акабане Карма,Конс,Sakata Gintoki,Вулкан,Fludo,_Indra_,Социопат_мл,Леди ангел,Neji Hyuga,Vizer fon Ghoul,Йоши,Ога Тацуми,Silf,Trigun,Andara,Mikadzuki,Гаара,Konan,Freir,Firebug,ArtiGarPotr,Нагато Пейн,Учиха Хидате,герцогиня,-Uchiha-Artem-,СОНЯ,Izaya Orihara,Большой Брат,CM Punk,Канеки Учиха,Торуне,Deathstroke,Garadin,Pain,_ZeuS_,mazumuz,L Lawliet,Младший Брат,треш,Гусь,Ledi,Сбежавший Учиха,Курама Якумо,Хичиго Широсаки,тихиЙ ужаС,Социопат,LoLka 80 lvl,Djons,Brave,Изуки Мидория,Тобирама Сенджу,Кимимаро,ШикамарУ,Г а а р а,Ogawa,zzStop,Последователь,~KiLLeR~,Пчёлка,Alukard,_Призрак_,Mirajane,Mrak,Scifsyyh,Флэш,Тендо Нагато,~TITAN~,TheJoker,-Sally-,Хрустальный Лис,Акасуна_но_Сасори,StanLee,TipS,Корвин,Учиха Обито
20200705,130934,100477,971016,845283,835313,799597,788842,684178,647631,618593,594103,571972,554599,526245,507435,497780,471972,446391,429847,424822,421665,387670,381142,379528,363950,360830,354055,340491,336095,334920,333531,327891,321966,320754,305011,302932,299620,280884,274763,263748,253528,249440,248518,243429,243202,241704,240797,237813,233116,223481,223224,220765,215846,214521,208275,205930,204289,199831,199041,198868,198145,196432,193808,193371,193273,182132,177956,176322,174668,173483,167807,165786,164869,163046,153308,149844,149723,147911,145921,144106,142481,139153,138361,135849,135751,135730,132825,132021,129559,125801,122502,122415,118598,117727,117591,117204,115828,113024,112718,111625
date,Джирайя,Майто Гай,Uchiha Madara,Shisui,Айзен,AloneInTheDark,Rosich,sensey,Юморист,YuRaN III,Мастер ИП,Нет,Сайдзо,Orochimaru,Rokyro Rau,Rock Lee,Хедин,РИДИК,Tayuya,-Tobi-,Kira,Kirishima Touka,KillerNick,misha10x10x,DeYsTrave,Акабане Карма,Конс,Sakata Gintoki,Вулкан,Fludo,_Indra_,Социопат_мл,Леди ангел,Neji Hyuga,Vizer fon Ghoul,Йоши,Ога Тацуми,Silf,Trigun,Andara,Mikadzuki,Гаара,Konan,Freir,Firebug,ArtiGarPotr,Нагато Пейн,Учиха Хидате,герцогиня,-Uchiha-Artem-,СОНЯ,Izaya Orihara,Большой Брат,CM Punk,Канеки Учиха,Торуне,Deathstroke,Garadin,Pain,_ZeuS_,mazumuz,L Lawliet,Младший Брат,треш,Гусь,Ledi,Сбежавший Учиха,Курама Якумо,Хичиго Широсаки,тихиЙ ужаС,Социопат,LoLka 80 lvl,Djons,Brave,Изуки Мидория,Тобирама Сенджу,Кимимаро,ШикамарУ,Г а а р а,Ogawa,zzStop,Последователь,~KiLLeR~,Пчёлка,Alukard,_Призрак_,Mirajane,Mrak,Scifsyyh,Флэш,Тендо Нагато,~TITAN~,TheJoker,-Sally-,Хрустальный Лис,Акасуна_но_Сасори,StanLee,TipS,Корвин,Учиха Обито
20200706,130934,100514,971343,845796,836101,799736,789140,684428,648027,618593,594103,571972,554599,526245,507740,497780,471972,446391,429847,424822,421665,387670,381142,379528,363950,360830,354055,340491,336095,334920,333531,327891,321966,320754,305222,303296,299620,280884,274763,263748,253528,249440,248518,243429,243202,241704,240797,237813,233400,223481,223224,220765,216268,214521,208275,205930,204289,199831,199041,198868,198145,196432,193808,193371,193273,182132,177956,176322,174668,173483,167807,165786,165240,163046,153308,149844,149723,147911,145932,144106,142481,139153,138361,135849,135751,135730,132825,132021,129559,125801,122502,122415,118598,117727,117591,117204,115828,113024,112718,111625
date,Джирайя,Майто Гай,Uchiha Madara,Shisui,Айзен,AloneInTheDark,Rosich,sensey,Юморист,YuRaN III,Мастер ИП,Нет,Сайдзо,Orochimaru,Rokyro Rau,Rock Lee,Хедин,РИДИК,Tayuya,-Tobi-,Kira,Kirishima Touka,KillerNick,misha10x10x,DeYsTrave,Акабане Карма,Конс,Sakata Gintoki,Вулкан,Fludo,_Indra_,Социопат_мл,Леди ангел,Neji Hyuga,Vizer fon Ghoul,Йоши,Ога Тацуми,Silf,Trigun,Andara,Mikadzuki,Гаара,Konan,Freir,Firebug,ArtiGarPotr,Нагато Пейн,Учиха Хидате,герцогиня,-Uchiha-Artem-,СОНЯ,Izaya Orihara,Большой Брат,CM Punk,Канеки Учиха,Торуне,Deathstroke,Garadin,Pain,_ZeuS_,mazumuz,L Lawliet,Младший Брат,треш,Гусь,Ledi,Сбежавший Учиха,Курама Якумо,Хичиго Широсаки,тихиЙ ужаС,Социопат,LoLka 80 lvl,Djons,Brave,Изуки Мидория,Тобирама Сенджу,Кимимаро,ШикамарУ,Г а а р а,Ogawa,zzStop,Последователь,~KiLLeR~,Пчёлка,Alukard,_Призрак_,Mirajane,Mrak,Scifsyyh,Флэш,Тендо Нагато,~TITAN~,TheJoker,-Sally-,Хрустальный Лис,Акасуна_но_Сасори,StanLee,TipS,Корвин,Учиха Обито
20200707,130934,100554,971723,846214,836580,800071,789140,684976,648427,618593,594103,571972,554599,526245,507782,497780,471972,446391,429847,424822,421665,387670,381142,379528,363950,360830,354055,340491,336095,334920,333531,327891,321966,320754,305341,303705,299620,280884,274763,263748,253528,249440,248518,243429,243202,241704,240797,237813,233432,223481,223224,220765,216631,214521,208275,205930,204289,199831,199041,198868,198145,196432,193808,193371,193273,182132,177956,176322,174668,173483,167807,165786,165576,163046,153308,149844,149723,147911,145937,144106,142481,139153,138361,135849,135751,135730,132825,132021,129559,125801,122503,122415,118598,117727,117591,117204,115828,113024,112718,111625
date,Джирайя,Майто Гай,Uchiha Madara,Shisui,Айзен,AloneInTheDark,Rosich,sensey,Юморист,YuRaN III,Мастер ИП,Нет,Сайдзо,Orochimaru,Rokyro Rau,Rock Lee,Хедин,РИДИК,Tayuya,-Tobi-,Kira,Kirishima Touka,KillerNick,misha10x10x,DeYsTrave,Акабане Карма,Конс,Sakata Gintoki,Вулкан,Fludo,_Indra_,Социопат_мл,Леди ангел,Neji Hyuga,Vizer fon Ghoul,Йоши,Ога Тацуми,Silf,Trigun,Andara,Mikadzuki,Гаара,Konan,Freir,Firebug,ArtiGarPotr,Нагато Пейн,Учиха Хидате,герцогиня,-Uchiha-Artem-,СОНЯ,Izaya Orihara,Большой Брат,CM Punk,Канеки Учиха,Торуне,Deathstroke,Garadin,Pain,_ZeuS_,mazumuz,L Lawliet,Младший Брат,треш,Гусь,Ledi,Сбежавший Учиха,Курама Якумо,Хичиго Широсаки,тихиЙ ужаС,Социопат,Djons,LoLka 80 lvl,Brave,Изуки Мидория,Тобирама Сенджу,Кимимаро,ШикамарУ,Г а а р а,Ogawa,zzStop,Последователь,~KiLLeR~,Пчёлка,Alukard,_Призрак_,Mirajane,Mrak,Scifsyyh,Флэш,Тендо Нагато,~TITAN~,TheJoker,-Sally-,Хрустальный Лис,Акасуна_но_Сасори,StanLee,TipS,Корвин,Учиха Обито
20200708,130993,100594,972171,846616,836809,800617,789140,685347,648806,618593,594103,571972,554599,526245,508473,497780,471972,446391,429847,424822,421665,387670,381142,379528,363950,360830,354055,340491,336095,334920,333531,327891,321966,320754,305597,304056,299620,280884,274763,263748,253528,249440,248518,243429,243202,241704,240797,237813,233432,223481,223224,220765,217057,214521,208275,205930,204289,199831,199041,198868,198145,196432,193808,193371,193273,182132,177956,176322,174668,173483,167807,165903,165786,163046,153308,149844,149723,147911,145937,144106,142481,139153,138361,135849,135751,135730,132825,132021,129559,125801,122503,122415,118598,117727,117591,117204,115828,113024,112718,111625
date,Джирайя,Майто Гай,Uchiha Madara,Shisui,Айзен,AloneInTheDark,Rosich,sensey,Юморист,YuRaN III,Мастер ИП,Нет,Сайдзо,Orochimaru,Rokyro Rau,Rock Lee,Хедин,РИДИК,Tayuya,-Tobi-,Kira,Kirishima Touka,KillerNick,misha10x10x,DeYsTrave,Акабане Карма,Конс,Sakata Gintoki,Вулкан,Fludo,_Indra_,Социопат_мл,Леди ангел,Neji Hyuga,Vizer fon Ghoul,Йоши,Ога Тацуми,Silf,Trigun,Andara,Mikadzuki,Гаара,Konan,Freir,Firebug,ArtiGarPotr,Нагато Пейн,Учиха Хидате,герцогиня,-Uchiha-Artem-,СОНЯ,Izaya Orihara,Большой Брат,CM Punk,Канеки Учиха,Торуне,Deathstroke,Garadin,Pain,_ZeuS_,mazumuz,L Lawliet,Младший Брат,треш,Гусь,Ledi,Сбежавший Учиха,Курама Якумо,Хичиго Широсаки,тихиЙ ужаС,Социопат,Djons,LoLka 80 lvl,Brave,Изуки Мидория,Тобирама Сенджу,Кимимаро,ШикамарУ,Г а а р а,Ogawa,zzStop,Последователь,~KiLLeR~,Пчёлка,Alukard,_Призрак_,Mirajane,Mrak,Scifsyyh,Флэш,Тендо Нагато,~TITAN~,TheJoker,-Sally-,Хрустальный Лис,Акасуна_но_Сасори,StanLee,TipS,Корвин,Учиха Обито
20200709,131030,100632,972427,847017,837500,800955,789140,685585,649230,618593,594103,571972,554599,526245,508600,497780,471972,446391,429847,424822,421665,387670,381142,379528,363950,360830,354055,340491,336095,334920,333531,327891,321966,320754,305746,304181,299620,280884,274763,263748,253528,249440,248518,243429,243202,241704,240797,237813,233458,223481,223224,220765,217234,214521,208275,205930,204289,199831,199041,198868,198148,196432,193808,193371,193273,182132,177956,176322,174668,173483,167807,166234,165786,163046,153308,149844,149723,147911,145941,144106,142481,139153,138361,135849,135751,135730,132825,132021,129559,125801,122506,122415,118598,117727,117591,117204,115828,113024,112718,111625
date,Джирайя,Майто Гай,Uchiha Madara,Shisui,Айзен,AloneInTheDark,Rosich,sensey,Юморист,YuRaN III,Мастер ИП,Нет,Сайдзо,Orochimaru,Rokyro Rau,Rock Lee,Хедин,РИДИК,Tayuya,-Tobi-,Kira,Kirishima Touka,KillerNick,misha10x10x,DeYsTrave,Акабане Карма,Конс,Sakata Gintoki,Вулкан,Fludo,_Indra_,Социопат_мл,Леди ангел,Neji Hyuga,Vizer fon Ghoul,Йоши,Ога Тацуми,Silf,Trigun,Andara,Mikadzuki,Гаара,Konan,Freir,Firebug,ArtiGarPotr,Нагато Пейн,Учиха Хидате,герцогиня,-Uchiha-Artem-,СОНЯ,Izaya Orihara,Большой Брат,CM Punk,Канеки Учиха,Торуне,Deathstroke,Garadin,Pain,_ZeuS_,mazumuz,L Lawliet,Младший Брат,треш,Гусь,Ledi,Сбежавший Учиха,Курама Якумо,Хичиго Широсаки,тихиЙ ужаС,Социопат,Djons,LoLka 80 lvl,Brave,Изуки Мидория,Тобирама Сенджу,Кимимаро,ШикамарУ,Г а а р а,Ogawa,zzStop,Последователь,~KiLLeR~,Пчёлка,Alukard,_Призрак_,Mirajane,Mrak,Scifsyyh,Флэш,Тендо Нагато,~TITAN~,TheJoker,-Sally-,Хрустальный Лис,Акасуна_но_Сасори,StanLee,TipS,Корвин,Учиха Обито
20200710,131082,100671,972749,847419,837576,801437,789140,686037,649616,618593,594103,571972,554599,526245,508839,497780,471972,446391,429847,424822,421665,387670,381142,379528,363950,360830,354055,340491,336095,334920,333531,327891,321966,320754,305746,304427,299620,280884,274763,263748,253528,249440,248518,243429,243202,241704,240797,237813,233458,223481,223224,220765,217783,214521,208275,205930,204289,199831,199041,198868,198148,196432,193808,193371,193273,182132,177956,176322,174668,173483,167807,166576,165786,163046,153308,149844,149723,147911,145941,144106,142481,139166,138361,135849,135751,135730,132825,132021,129559,125801,122506,122415,118598,117727,117591,117204,115828,113024,112718,111625
date,Джирайя,Майто Гай,Uchiha Madara,Shisui,Айзен,AloneInTheDark,Rosich,sensey,Юморист,YuRaN III,Мастер ИП,Нет,Сайдзо,Orochimaru,Rokyro Rau,Rock Lee,Хедин,РИДИК,Tayuya,-Tobi-,Kira,Kirishima Touka,KillerNick,misha10x10x,DeYsTrave,Акабане Карма,Конс,Sakata Gintoki,Вулкан,Fludo,_Indra_,Социопат_мл,Леди ангел,Neji Hyuga,Vizer fon Ghoul,Йоши,Ога Тацуми,Silf,Trigun,Andara,Mikadzuki,Гаара,Konan,Freir,Firebug,ArtiGarPotr,Нагато Пейн,Учиха Хидате,герцогиня,-Uchiha-Artem-,СОНЯ,Izaya Orihara,Большой Брат,CM Punk,Канеки Учиха,Торуне,Deathstroke,Garadin,Pain,_ZeuS_,mazumuz,L Lawliet,Младший Брат,треш,Гусь,Ledi,Сбежавший Учиха,Курама Якумо,Хичиго Широсаки,тихиЙ ужаС,Социопат,Djons,LoLka 80 lvl,Brave,Изуки Мидория,Тобирама Сенджу,Кимимаро,ШикамарУ,Г а а р а,Ogawa,zzStop,Последователь,~KiLLeR~,Пчёлка,Alukard,_Призрак_,Mirajane,Mrak,Scifsyyh,Флэш,Тендо Нагато,~TITAN~,TheJoker,-Sally-,Хрустальный Лис,Акасуна_но_Сасори,StanLee,TipS,Корвин,Учиха Обито
20200711,131131,100711,973371,847818,838285,801743,789140,686416,650016,618593,594103,571972,554599,526245,509002,497780,471972,446391,429847,424822,421665,387670,381142,379528,363950,360830,354055,340491,336095,334940,333531,327891,321966,320754,305920,304607,299620,280884,274763,263748,253528,249440,248518,243429,243202,241704,240797,237813,233458,223481,223224,220765,218018,214521,208275,205930,204289,199831,199041,198868,198148,196432,193808,193371,193273,182132,177956,176322,174668,173483,167807,166875,165786,163046,153308,149844,149723,147911,145941,144106,142481,139166,138361,135849,135751,135730,132825,132021,129559,125801,122506,122415,118598,117727,117591,117204,115828,113024,112718,111625
date,Джирайя,Майто Гай,Uchiha Madara,Shisui,Айзен,AloneInTheDark,Rosich,sensey,Юморист,YuRaN III,Мастер ИП,Нет,Сайдзо,Orochimaru,Rokyro Rau,Rock Lee,Хедин,РИДИК,Tayuya,-Tobi-,Kira,Kirishima Touka,KillerNick,misha10x10x,DeYsTrave,Акабане Карма,Конс,Sakata Gintoki,Вулкан,Fludo,_Indra_,Социопат_мл,Леди ангел,Neji Hyuga,Vizer fon Ghoul,Йоши,Ога Тацуми,Silf,Trigun,Andara,Mikadzuki,Гаара,Konan,Freir,Firebug,ArtiGarPotr,Нагато Пейн,Учиха Хидате,герцогиня,-Uchiha-Artem-,СОНЯ,Izaya Orihara,Большой Брат,CM Punk,Канеки Учиха,Торуне,Deathstroke,Garadin,Pain,_ZeuS_,mazumuz,L Lawliet,Младший Брат,треш,Гусь,Ledi,Сбежавший Учиха,Курама Якумо,Хичиго Широсаки,тихиЙ ужаС,Социопат,Djons,LoLka 80 lvl,Brave,Изуки Мидория,Тобирама Сенджу,Кимимаро,ШикамарУ,Г а а р а,Ogawa,zzStop,Последователь,~KiLLeR~,Пчёлка,Alukard,_Призрак_,Mirajane,Mrak,Scifsyyh,Флэш,Тендо Нагато,~TITAN~,TheJoker,-Sally-,Хрустальный Лис,Акасуна_но_Сасори,StanLee,TipS,Корвин,Учиха Обито
20200712,131132,100751,973814,848226,838701,802141,789894,686670,650402,618593,594103,571972,554599,526245,509324,497780,471972,446391,429847,424822,421665,387670,381142,379528,363950,360830,354055,340491,336095,334940,333531,327891,321966,320754,306289,304877,299620,280884,274763,263748,253528,249440,248518,243429,243202,241704,240797,237813,233458,223481,223224,220765,218373,214521,208275,205931,204289,199831,199041,198868,198148,196432,193808,193371,193273,182132,177956,176322,174668,173483,167807,167239,165786,163046,153308,149844,149723,147911,145941,144106,142481,139166,138361,135853,135751,135730,132825,132021,129559,125801,122506,122415,118598,117727,117591,117204,115828,113024,112718,111625
date,Джирайя,Майто Гай,Uchiha Madara,Shisui,Айзен,AloneInTheDark,Rosich,sensey,Юморист,YuRaN III,Мастер ИП,Нет,Сайдзо,Orochimaru,Rokyro Rau,Rock Lee,Хедин,РИДИК,Tayuya,-Tobi-,Kira,Kirishima Touka,KillerNick,misha10x10x,DeYsTrave,Акабане Карма,Конс,Sakata Gintoki,Вулкан,Fludo,_Indra_,Социопат_мл,Леди ангел,Neji Hyuga,Vizer fon Ghoul,Йоши,Ога Тацуми,Silf,Trigun,Andara,Mikadzuki,Гаара,Konan,Freir,Firebug,ArtiGarPotr,Нагато Пейн,Учиха Хидате,герцогиня,-Uchiha-Artem-,СОНЯ,Izaya Orihara,Большой Брат,CM Punk,Канеки Учиха,Торуне,Deathstroke,Garadin,Pain,_ZeuS_,mazumuz,L Lawliet,Младший Брат,треш,Гусь,Ledi,Сбежавший Учиха,Курама Якумо,Хичиго Широсаки,тихиЙ ужаС,Социопат,Djons,LoLka 80 lvl,Brave,Изуки Мидория,Тобирама Сенджу,Кимимаро,ШикамарУ,Г а а р а,Ogawa,zzStop,Последователь,~KiLLeR~,Пчёлка,Alukard,_Призрак_,Mirajane,Mrak,Scifsyyh,Флэш,Тендо Нагато,~TITAN~,TheJoker,-Sally-,Хрустальный Лис,Акасуна_но_Сасори,StanLee,TipS,Корвин,Учиха Обито
20200713,131133,100772,974212,848382,839135,802192,790232,687125,650645,618593,594103,571972,554599,526245,509429,497780,471972,446391,429847,424822,421665,387670,381142,379528,363950,360830,354055,340491,336095,334940,333531,327891,321966,320754,306586,305202,299620,280884,274763,263748,253528,249440,248518,243429,243202,241704,240797,237813,233458,223481,223224,220765,218890,214521,208275,205931,204289,199831,199041,198868,198148,196432,193808,193371,193273,182132,177956,176322,174668,173483,167807,167533,165786,163046,153308,149844,149723,147911,145941,144106,142481,139166,138361,135853,135751,135730,132825,132021,129559,125801,122506,122415,118598,117727,117591,117204,115828,113024,112718,111625
date,Джирайя,Майто Гай,Uchiha Madara,Shisui,Айзен,AloneInTheDark,Rosich,sensey,Юморист,YuRaN III,Мастер ИП,Нет,Сайдзо,Orochimaru,Rokyro Rau,Rock Lee,Хедин,РИДИК,Tayuya,-Tobi-,Kira,Kirishima Touka,KillerNick,misha10x10x,DeYsTrave,Акабане Карма,Конс,Sakata Gintoki,Вулкан,Fludo,_Indra_,Социопат_мл,Леди ангел,Neji Hyuga,Vizer fon Ghoul,Йоши,Ога Тацуми,Silf,Trigun,Andara,Mikadzuki,Гаара,Konan,Freir,Firebug,ArtiGarPotr,Нагато Пейн,Учиха Хидате,герцогиня,-Uchiha-Artem-,СОНЯ,Izaya Orihara,Большой Брат,CM Punk,Канеки Учиха,Торуне,Deathstroke,Garadin,Pain,_ZeuS_,mazumuz,L Lawliet,Младший Брат,треш,Гусь,Ledi,Сбежавший Учиха,Курама Якумо,Хичиго Широсаки,тихиЙ ужаС,Djons,Социопат,LoLka 80 lvl,Brave,Изуки Мидория,Тобирама Сенджу,Кимимаро,ШикамарУ,Г а а р а,Ogawa,zzStop,Последователь,~KiLLeR~,Пчёлка,Alukard,_Призрак_,Mirajane,Mrak,Scifsyyh,Флэш,Тендо Нагато,~TITAN~,TheJoker,-Sally-,Хрустальный Лис,Акасуна_но_Сасори,StanLee,TipS,Корвин,Учиха Обито
20200714,131195,100830,974731,849024,839567,802732,790647,687509,650815,618593,594103,571972,554599,526245,509469,497780,471972,446391,429847,424822,421665,387670,381142,379528,363950,360830,354055,340491,336095,334973,333531,327891,321966,320754,307015,305611,299620,280884,274763,263748,253528,249440,248518,243429,243202,241704,240797,237813,233458,223481,223224,220765,219122,214521,208275,205931,204289,199831,199041,198868,198148,196432,193808,193371,193273,182132,177956,176322,174668,173483,167904,167807,165786,163046,153308,149844,149723,147911,145941,144106,142481,139166,138361,135853,135751,135730,132825,132021,129559,125801,122506,122415,118598,117727,117591,117204,115828,113024,112718,111625
date,Джирайя,Майто Гай,Uchiha Madara,Shisui,Айзен,AloneInTheDark,Rosich,sensey,Юморист,YuRaN III,Мастер ИП,Нет,Сайдзо,Orochimaru,Rokyro Rau,Rock Lee,Хедин,РИДИК,Tayuya,-Tobi-,Kira,Kirishima Touka,KillerNick,misha10x10x,DeYsTrave,Акабане Карма,Конс,Sakata Gintoki,Вулкан,Fludo,_Indra_,Социопат_мл,Леди ангел,Neji Hyuga,Vizer fon Ghoul,Йоши,Ога Тацуми,Silf,Trigun,Andara,Mikadzuki,Гаара,Konan,Freir,Firebug,ArtiGarPotr,Нагато Пейн,Учиха Хидате,герцогиня,-Uchiha-Artem-,СОНЯ,Izaya Orihara,Большой Брат,CM Punk,Канеки Учиха,Торуне,Deathstroke,Garadin,Pain,_ZeuS_,mazumuz,L Lawliet,Младший Брат,треш,Гусь,Ledi,Сбежавший Учиха,Курама Якумо,Хичиго Широсаки,тихиЙ ужаС,Djons,Социопат,LoLka 80 lvl,Brave,Изуки Мидория,Тобирама Сенджу,Кимимаро,ШикамарУ,Г а а р а,Ogawa,zzStop,Последователь,~KiLLeR~,Пчёлка,Alukard,_Призрак_,Mirajane,Mrak,Scifsyyh,Флэш,Тендо Нагато,~TITAN~,TheJoker,-Sally-,Хрустальный Лис,Акасуна_но_Сасори,StanLee,TipS,Корвин,Учиха Обито
20200715,131243,100869,975076,849427,839998,803125,790932,687813,650958,618593,594103,571972,554599,526245,510073,497780,471972,446391,429847,424822,421665,387670,381142,379528,363950,360830,354055,340491,336095,334981,333531,327891,321966,320754,307230,306020,299620,280884,274763,263748,253528,249440,248518,243429,243202,241704,240797,237813,233458,223481,223224,220765,219540,214521,208275,205931,204289,199831,199041,198868,198148,196432,193808,193371,193273,182132,177956,176322,174668,173483,168240,167807,165786,163046,153308,149844,149723,147911,145941,144106,142481,139166,138361,135853,135751,135730,132825,132021,129559,125801,122506,122415,118598,117727,117591,117204,115828,113024,112718,111625
date,Джирайя,Майто Гай,Uchiha Madara,Shisui,Айзен,AloneInTheDark,Rosich,sensey,Юморист,YuRaN III,Мастер ИП,Нет,Сайдзо,Orochimaru,Rokyro Rau,Rock Lee,Хедин,РИДИК,Tayuya,-Tobi-,Kira,Kirishima Touka,KillerNick,misha10x10x,DeYsTrave,Акабане Карма,Конс,Sakata Gintoki,Вулкан,Fludo,_Indra_,Социопат_мл,Леди ангел,Neji Hyuga,Vizer fon Ghoul,Йоши,Ога Тацуми,Silf,Trigun,Andara,Mikadzuki,Гаара,Konan,Freir,Firebug,ArtiGarPotr,Нагато Пейн,Учиха Хидате,герцогиня,-Uchiha-Artem-,СОНЯ,Izaya Orihara,Большой Брат,CM Punk,Канеки Учиха,Торуне,Deathstroke,Garadin,Pain,_ZeuS_,mazumuz,L Lawliet,Младший Брат,треш,Гусь,Ledi,Сбежавший Учиха,Курама Якумо,Хичиго Широсаки,тихиЙ ужаС,Djons,Социопат,LoLka 80 lvl,Brave,Изуки Мидория,Тобирама Сенджу,Кимимаро,ШикамарУ,Г а а р а,Ogawa,zzStop,Последователь,~KiLLeR~,Пчёлка,Alukard,_Призрак_,Mirajane,Mrak,Scifsyyh,Флэш,Тендо Нагато,~TITAN~,TheJoker,-Sally-,Хрустальный Лис,Акасуна_но_Сасори,StanLee,TipS,Корвин,Учиха Обито
20200716,131279,100908,975517,849827,840523,803285,791402,688186,651095,618593,594103,571972,554599,526245,510230,497780,471972,446391,429847,424822,421665,387670,381142,379528,363950,360830,354055,340491,336095,334981,333531,327891,321966,320754,307441,306429,299620,280884,274763,263748,253528,249440,248518,243429,243202,241704,240797,237813,233458,223481,223224,220765,219924,214521,208275,205931,204289,199831,199041,198868,198148,196432,193808,193371,193273,182132,177956,176322,174668,173483,168556,167807,165786,163046,153308,149844,149723,147911,145945,144106,142481,139166,138361,135853,135751,135730,132825,132021,129559,125801,122506,122415,118598,117727,117591,117204,115828,113024,112718,111625
date,Джирайя,Майто Гай,Uchiha Madara,Shisui,Айзен,AloneInTheDark,Rosich,sensey,Юморист,YuRaN III,Мастер ИП,Нет,Сайдзо,Orochimaru,Rokyro Rau,Rock Lee,Хедин,РИДИК,Tayuya,-Tobi-,Kira,Kirishima Touka,KillerNick,misha10x10x,DeYsTrave,Акабане Карма,Конс,Sakata Gintoki,Вулкан,Fludo,_Indra_,Социопат_мл,Леди ангел,Neji Hyuga,Vizer fon Ghoul,Йоши,Ога Тацуми,Silf,Trigun,Andara,Mikadzuki,Гаара,Konan,Freir,Firebug,ArtiGarPotr,Нагато Пейн,Учиха Хидате,герцогиня,-Uchiha-Artem-,СОНЯ,Izaya Orihara,Большой Брат,CM Punk,Канеки Учиха,Торуне,Deathstroke,Garadin,Pain,_ZeuS_,mazumuz,L Lawliet,Младший Брат,треш,Гусь,Ledi,Сбежавший Учиха,Курама Якумо,Хичиго Широсаки,тихиЙ ужаС,Djons,Социопат,LoLka 80 lvl,Brave,Изуки Мидория,Тобирама Сенджу,Кимимаро,ШикамарУ,Г а а р а,Ogawa,zzStop,Последователь,~KiLLeR~,Пчёлка,Alukard,_Призрак_,Mirajane,Mrak,Scifsyyh,Флэш,Тендо Нагато,~TITAN~,TheJoker,-Sally-,Хрустальный Лис,Акасуна_но_Сасори,StanLee,TipS,Корвин,Учиха Обито
20200717,131331,100947,976087,850225,840699,803518,791773,688484,651230,618593,594103,571972,554599,526245,510817,497780,471972,446391,429847,424822,421665,387670,381142,379528,363950,360830,354055,340491,336095,334981,333531,327891,321966,320754,307781,306630,299620,280884,274763,263748,253528,249440,248518,243429,243202,241704,240797,237813,233458,223481,223224,220765,220194,214521,208275,205931,204289,199831,199041,198868,198148,196432,193808,193371,193273,182132,177956,176322,174668,173483,168882,167807,165786,163046,153308,149844,149723,147911,145945,144106,142481,139166,138361,135853,135751,135730,132825,132021,129559,125801,122506,122415,118598,117727,117591,117204,115828,113024,112718,111625
date,Джирайя,Майто Гай,Uchiha Madara,Shisui,Айзен,AloneInTheDark,Rosich,sensey,Юморист,YuRaN III,Мастер ИП,Нет,Сайдзо,Orochimaru,Rokyro Rau,Rock Lee,Хедин,РИДИК,Tayuya,-Tobi-,Kira,Kirishima Touka,KillerNick,misha10x10x,DeYsTrave,Акабане Карма,Конс,Sakata Gintoki,Вулкан,Fludo,_Indra_,Социопат_мл,Леди ангел,Neji Hyuga,Vizer fon Ghoul,Йоши,Ога Тацуми,Silf,Trigun,Andara,Mikadzuki,Гаара,Konan,Freir,Firebug,ArtiGarPotr,Нагато Пейн,Учиха Хидате,герцогиня,-Uchiha-Artem-,СОНЯ,Izaya Orihara,Большой Брат,CM Punk,Канеки Учиха,Торуне,Deathstroke,Garadin,Pain,_ZeuS_,mazumuz,L Lawliet,Младший Брат,треш,Гусь,Ledi,Сбежавший Учиха,Курама Якумо,Хичиго Широсаки,тихиЙ ужаС,Djons,Социопат,LoLka 80 lvl,Brave,Изуки Мидория,Тобирама Сенджу,Кимимаро,ШикамарУ,Г а а р а,Ogawa,zzStop,Последователь,~KiLLeR~,Пчёлка,Alukard,_Призрак_,Mirajane,Mrak,Scifsyyh,Флэш,Тендо Нагато,~TITAN~,TheJoker,-Sally-,Хрустальный Лис,Акасуна_но_Сасори,StanLee,TipS,Корвин,Учиха Обито
20200718,131378,100988,976194,850628,841383,803787,792144,688802,651811,618593,594103,571972,554599,526245,510939,497780,471972,446391,429847,424822,421665,387670,381142,379528,363950,360830,354055,340491,336095,334981,333531,327891,321966,320754,308086,306856,299620,280884,274763,263748,253528,249440,248518,243429,243202,241704,240797,237813,233458,223481,223224,220765,220474,214521,208275,205931,204289,199831,199041,198868,198148,196432,193808,193371,193273,182132,177956,176322,174668,173483,169220,167807,165786,163046,153308,149844,149723,147911,145945,144106,142481,139166,138361,135853,135751,135730,132825,132021,129559,125801,122506,122415,118598,117727,117591,117204,115828,113024,112718,111625
date,Джирайя,Майто Гай,Uchiha Madara,Shisui,Айзен,AloneInTheDark,Rosich,sensey,Юморист,YuRaN III,Мастер ИП,Нет,Сайдзо,Orochimaru,Rokyro Rau,Rock Lee,Хедин,РИДИК,Tayuya,-Tobi-,Kira,Kirishima Touka,KillerNick,misha10x10x,DeYsTrave,Акабане Карма,Конс,Sakata Gintoki,Вулкан,Fludo,_Indra_,Социопат_мл,Леди ангел,Neji Hyuga,Vizer fon Ghoul,Йоши,Ога Тацуми,Silf,Trigun,Andara,Mikadzuki,Гаара,Konan,Freir,Firebug,ArtiGarPotr,Нагато Пейн,Учиха Хидате,герцогиня,-Uchiha-Artem-,СОНЯ,Izaya Orihara,Большой Брат,CM Punk,Канеки Учиха,Торуне,Deathstroke,Garadin,Pain,_ZeuS_,mazumuz,L Lawliet,Младший Брат,треш,Гусь,Ledi,Сбежавший Учиха,Курама Якумо,Хичиго Широсаки,тихиЙ ужаС,Djons,Социопат,LoLka 80 lvl,Brave,Изуки Мидория,Тобирама Сенджу,Кимимаро,ШикамарУ,Г а а р а,Ogawa,zzStop,Последователь,~KiLLeR~,Пчёлка,Alukard,_Призрак_,Mirajane,Mrak,Scifsyyh,Флэш,Тендо Нагато,~TITAN~,TheJoker,-Sally-,Хрустальный Лис,Акасуна_но_Сасори,StanLee,TipS,Корвин,Учиха Обито
20200719,131378,101026,976434,851028,841783,804502,792509,689288,652216,618593,594103,571972,554599,526245,511135,497780,471972,446391,429847,424822,421665,387670,381142,379528,363950,360830,354055,340491,336095,334981,333531,327891,321966,320754,308487,307235,299620,280884,274763,263748,253528,249440,248518,243429,243202,241704,240797,237813,233458,223481,223224,220765,220672,214521,208275,205931,204289,199831,199041,198868,198148,196432,193808,193371,193273,182132,177956,176322,174668,173483,169258,167807,165786,163046,153308,149844,149723,147911,145945,144106,142481,139166,138361,135853,135751,135730,132825,132021,129559,125801,122506,122415,118598,117727,117591,117204,115828,113024,112718,111625
date,Джирайя,Майто Гай,Uchiha Madara,Shisui,Айзен,AloneInTheDark,Rosich,sensey,Юморист,YuRaN III,Мастер ИП,Нет,Сайдзо,Orochimaru,Rokyro Rau,Rock Lee,Хедин,РИДИК,Tayuya,-Tobi-,Kira,Kirishima Touka,KillerNick,misha10x10x,DeYsTrave,Акабане Карма,Конс,Sakata Gintoki,Вулкан,Fludo,_Indra_,Социопат_мл,Леди ангел,Neji Hyuga,Vizer fon Ghoul,Йоши,Ога Тацуми,Silf,Trigun,Andara,Mikadzuki,Гаара,Konan,Freir,Firebug,ArtiGarPotr,Нагато Пейн,Учиха Хидате,герцогиня,-Uchiha-Artem-,СОНЯ,Большой Брат,Izaya Orihara,CM Punk,Канеки Учиха,Торуне,Deathstroke,Garadin,Pain,_ZeuS_,mazumuz,L Lawliet,Младший Брат,треш,Гусь,Ledi,Сбежавший Учиха,Курама Якумо,Хичиго Широсаки,тихиЙ ужаС,Djons,Социопат,LoLka 80 lvl,Brave,Изуки Мидория,Тобирама Сенджу,Кимимаро,ШикамарУ,Г а а р а,Ogawa,zzStop,Последователь,~KiLLeR~,Пчёлка,Alukard,_Призрак_,Mirajane,Mrak,Scifsyyh,Флэш,Тендо Нагато,~TITAN~,TheJoker,-Sally-,Хрустальный Лис,Акасуна_но_Сасори,StanLee,TipS,Корвин,Учиха Обито
20200720,131378,101066,977039,851433,842197,804868,792949,689539,652613,618593,594103,571972,554599,526245,511470,497780,471972,446391,429847,424822,421665,387670,381142,379528,363950,360830,354055,340491,336095,334981,333531,327891,321966,320754,308631,307257,299620,280884,274763,263748,253528,249440,248518,243429,243202,241704,240797,237813,233458,223481,223224,221141,220765,214521,208275,205931,204289,199831,199041,198868,198148,196432,193808,193371,193273,182132,177956,176322,174668,173483,169299,167807,165786,163046,153308,149844,149723,147911,145945,144106,142481,139166,138361,135853,135751,135730,132825,132021,129559,125801,122506,122415,118598,117727,117591,117204,115828,113024,112718,111625
date,Джирайя,Майто Гай,Uchiha Madara,Shisui,Айзен,AloneInTheDark,Rosich,sensey,Юморист,YuRaN III,Мастер ИП,Нет,Сайдзо,Orochimaru,Rokyro Rau,Rock Lee,Хедин,РИДИК,Tayuya,-Tobi-,Kira,Kirishima Touka,KillerNick,misha10x10x,DeYsTrave,Акабане Карма,Конс,Sakata Gintoki,Вулкан,Fludo,_Indra_,Социопат_мл,Леди ангел,Neji Hyuga,Vizer fon Ghoul,Йоши,Ога Тацуми,Silf,Trigun,Andara,Mikadzuki,Гаара,Konan,Freir,Firebug,ArtiGarPotr,Нагато Пейн,Учиха Хидате,герцогиня,-Uchiha-Artem-,СОНЯ,Большой Брат,Izaya Orihara,CM Punk,Канеки Учиха,Торуне,Deathstroke,Garadin,Pain,_ZeuS_,mazumuz,Минато Намикадзе,Младший Брат,треш,Гусь,Ledi,Сбежавший Учиха,Курама Якумо,Хичиго Широсаки,тихиЙ ужаС,Djons,Социопат,LoLka 80 lvl,Brave,Изуки Мидория,Тобирама Сенджу,Кимимаро,ШикамарУ,Г а а р а,Ogawa,zzStop,Последователь,~KiLLeR~,Пчёлка,Alukard,_Призрак_,Mirajane,Mrak,Scifsyyh,Флэш,Тендо Нагато,~TITAN~,TheJoker,-Sally-,Хрустальный Лис,Акасуна_но_Сасори,StanLee,TipS,Корвин,Учиха Обито
20200721,131416,101105,977456,851725,842486,804946,793287,690014,653015,618593,594103,571972,554599,526245,511511,497780,471972,446391,429847,424822,421665,387670,381142,379528,363950,360830,354055,340491,336095,334981,333531,327891,321966,320754,308797,307617,299620,280884,274763,263748,253528,249440,248518,243429,243202,241704,240797,237813,233458,223481,223224,221592,220765,214521,208275,205931,204289,199831,199041,198868,198148,196544,193808,193371,193273,182132,177956,176322,174668,173483,169369,167807,165786,163046,153308,149844,149723,147911,145945,144106,142481,139166,138361,135853,135751,135730,132825,132021,129559,125801,122506,122415,118598,117727,117591,117204,115828,113024,112718,111625
date,Джирайя,Майто Гай,Uchiha Madara,Shisui,Айзен,AloneInTheDark,Rosich,sensey,Юморист,YuRaN III,Мастер ИП,Нет,Сайдзо,Orochimaru,Rokyro Rau,Rock Lee,Хедин,РИДИК,Tayuya,-Tobi-,Kira,Kirishima Touka,KillerNick,misha10x10x,DeYsTrave,Акабане Карма,Конс,Sakata Gintoki,Вулкан,Fludo,_Indra_,Социопат_мл,Леди ангел,Neji Hyuga,Vizer fon Ghoul,Йоши,Ога Тацуми,Silf,Trigun,Andara,Mikadzuki,Гаара,Konan,Freir,Firebug,ArtiGarPotr,Нагато Пейн,Учиха Хидате,герцогиня,-Uchiha-Artem-,СОНЯ,Большой Брат,Izaya Orihara,CM Punk,Канеки Учиха,Торуне,Deathstroke,Garadin,Pain,_ZeuS_,mazumuz,Минато Намикадзе,Младший Брат,треш,Гусь,Ledi,Сбежавший Учиха,Курама Якумо,Хичиго Широсаки,тихиЙ ужаС,Djons,Социопат,LoLka 80 lvl,Brave,Изуки Мидория,Тобирама Сенджу,Кимимаро,ШикамарУ,Г а а р а,Ogawa,zzStop,Последователь,~KiLLeR~,Пчёлка,Alukard,_Призрак_,Mirajane,Mrak,Scifsyyh,Флэш,Тендо Нагато,~TITAN~,TheJoker,-Sally-,Хрустальный Лис,Акасуна_но_Сасори,StanLee,TipS,Корвин,Учиха Обито
20200722,131480,101141,977959,852250,842993,805215,793576,690368,653415,618593,594103,571972,554599,526245,511847,497780,471972,446391,429847,424822,421665,387670,381142,379528,363950,360830,354055,340491,336095,334981,333531,327891,321966,320754,309052,308025,299620,280884,274763,263748,253528,249440,248518,243429,243202,241704,240797,237813,233458,223481,223224,221809,220765,214521,208275,205931,204289,199831,199041,198868,198148,196544,193808,193371,193273,182132,177956,176322,174668,173483,170032,167807,165786,163046,153308,149844,149723,147911,145952,144106,142481,139166,138361,135853,135751,135730,132825,132021,129559,125801,122506,122415,118598,117727,117591,117204,115828,113024,112718,111625
date,Джирайя,Майто Гай,Uchiha Madara,Shisui,Айзен,AloneInTheDark,Rosich,sensey,Юморист,YuRaN III,Мастер ИП,Нет,Сайдзо,Orochimaru,Rokyro Rau,Rock Lee,Хедин,РИДИК,Tayuya,-Tobi-,Kira,Kirishima Touka,KillerNick,misha10x10x,DeYsTrave,Акабане Карма,Конс,Sakata Gintoki,Вулкан,Fludo,_Indra_,Социопат_мл,Леди ангел,Neji Hyuga,Vizer fon Ghoul,Йоши,Ога Тацуми,Silf,Trigun,Andara,Mikadzuki,Гаара,Konan,Freir,Firebug,ArtiGarPotr,Нагато Пейн,Учиха Хидате,герцогиня,-Uchiha-Artem-,СОНЯ,Большой Брат,Izaya Orihara,CM Punk,Канеки Учиха,Торуне,Deathstroke,Garadin,Pain,_ZeuS_,mazumuz,Минато Намикадзе,Младший Брат,треш,Гусь,Ledi,Сбежавший Учиха,Курама Якумо,Хичиго Широсаки,тихиЙ ужаС,Djons,Социопат,LoLka 80 lvl,Brave,Изуки Мидория,Тобирама Сенджу,Кимимаро,ШикамарУ,Г а а р а,Ogawa,zzStop,Последователь,~KiLLeR~,Пчёлка,Alukard,_Призрак_,Mirajane,Mrak,Scifsyyh,Флэш,Тендо Нагато,~TITAN~,TheJoker,-Sally-,Хрустальный Лис,Акасуна_но_Сасори,StanLee,TipS,Корвин,Учиха Обито
20200723,131481,101182,978105,852657,843635,805418,793794,690757,653811,618593,594103,571972,554599,526245,511968,497780,471972,446391,429847,424822,421665,387670,381143,379528,363950,360830,354055,340491,336095,334981,333531,327891,321966,320754,309306,308435,299620,280884,274763,263748,253528,249440,248518,243429,243202,241704,240797,237813,233458,223481,223224,222182,220765,214521,208275,205931,204289,199831,199041,198868,198148,196544,193808,193371,193273,182132,177956,176322,174668,173483,170370,167807,165786,163046,153308,149844,149723,147911,145957,144106,142481,139166,138361,135853,135751,135730,132825,132021,129559,125801,122506,122415,118598,117727,117591,117204,115828,113024,112718,111625
date,Джирайя,Майто Гай,Uchiha Madara,Shisui,Айзен,AloneInTheDark,Rosich,sensey,Юморист,YuRaN III,Мастер ИП,Нет,Сайдзо,Orochimaru,Rokyro Rau,Rock Lee,Хедин,РИДИК,Tayuya,-Tobi-,Kira,Kirishima Touka,KillerNick,misha10x10x,DeYsTrave,Акабане Карма,Конс,Sakata Gintoki,Вулкан,Fludo,_Indra_,Социопат_мл,Леди ангел,Neji Hyuga,Vizer fon Ghoul,Йоши,Ога Тацуми,Silf,Trigun,Andara,Mikadzuki,Гаара,Konan,Freir,Firebug,ArtiGarPotr,Нагато Пейн,Учиха Хидате,герцогиня,-Uchiha-Artem-,СОНЯ,Большой Брат,Izaya Orihara,CM Punk,Канеки Учиха,Торуне,Deathstroke,Garadin,Pain,_ZeuS_,mazumuz,Минато Намикадзе,Младший Брат,треш,Гусь,Ledi,Сбежавший Учиха,Курама Якумо,Хичиго Широсаки,тихиЙ ужаС,Djons,Социопат,LoLka 80 lvl,Brave,Изуки Мидория,Тобирама Сенджу,Кимимаро,ШикамарУ,Г а а р а,Ogawa,zzStop,Последователь,~KiLLeR~,Пчёлка,Alukard,_Призрак_,Mirajane,Mrak,Scifsyyh,Флэш,Тендо Нагато,~TITAN~,TheJoker,-Sally-,Хрустальный Лис,Акасуна_но_Сасори,StanLee,TipS,Корвин,Учиха Обито
20200724,131537,101222,978244,853043,844160,805418,794382,690817,654192,618593,594103,571972,554599,526245,512539,497780,471972,446391,429847,424822,421665,387670,381143,379528,363950,360830,354055,340491,336095,334981,333531,327891,321966,320754,309437,308844,299620,280884,274763,263748,253528,249440,248518,243429,243202,241704,240797,237813,233458,223481,223224,222454,220765,214521,208275,205931,204289,199831,199041,198868,198148,196544,193808,193371,193273,182132,177956,176322,174668,173483,170699,167807,165786,163046,153308,149844,149723,147911,145966,144106,142481,139166,138361,135853,135751,135730,132825,132021,129559,125801,122506,122415,118598,117727,117591,117204,115828,113024,112718,111625
date,Джирайя,Майто Гай,Uchiha Madara,Shisui,Айзен,AloneInTheDark,Rosich,sensey,Юморист,YuRaN III,Мастер ИП,Нет,Сайдзо,Orochimaru,Rokyro Rau,Rock Lee,Хедин,РИДИК,Tayuya,-Tobi-,Kira,Kirishima Touka,KillerNick,misha10x10x,DeYsTrave,Акабане Карма,Конс,Sakata Gintoki,Вулкан,Fludo,_Indra_,Социопат_мл,Леди ангел,Neji Hyuga,Vizer fon Ghoul,Йоши,Ога Тацуми,Silf,Trigun,Andara,Mikadzuki,Гаара,Konan,Freir,Firebug,ArtiGarPotr,Нагато Пейн,Учиха Хидате,герцогиня,-Uchiha-Artem-,СОНЯ,Большой Брат,Izaya Orihara,CM Punk,Канеки Учиха,Торуне,Deathstroke,Garadin,Pain,_ZeuS_,mazumuz,Минато Намикадзе,Младший Брат,треш,Гусь,Ledi,Сбежавший Учиха,Курама Якумо,Хичиго Широсаки,тихиЙ ужаС,Djons,Социопат,LoLka 80 lvl,Brave,Изуки Мидория,Тобирама Сенджу,Кимимаро,ШикамарУ,Г а а р а,Ogawa,zzStop,Последователь,~KiLLeR~,Пчёлка,Alukard,_Призрак_,Mirajane,Mrak,Scifsyyh,Флэш,Тендо Нагато,~TITAN~,TheJoker,-Sally-,Хрустальный Лис,Акасуна_но_Сасори,StanLee,TipS,Корвин,Учиха Обито
20200725,131583,101262,978980,853476,844595,805418,794740,690961,654192,618593,594103,571972,554599,526245,512681,497780,471972,446419,429847,424822,421665,387670,381143,379528,363950,360830,354055,340491,336095,334981,333531,327891,321966,320754,309649,309103,299620,280884,274763,263748,253528,249440,248518,243429,243202,241704,240797,237813,233458,223481,223224,222666,220765,214521,208275,205931,204289,199831,199041,198868,198148,196544,193808,193371,193273,182132,177956,176322,174668,173483,170913,167807,165786,163046,153308,149844,149723,147911,145980,144106,142481,139166,138361,135853,135751,135730,132825,132021,129559,125801,122506,122415,118598,117727,117591,117204,115828,113024,112718,111625
date,Джирайя,Майто Гай,Uchiha Madara,Shisui,Айзен,AloneInTheDark,Rosich,sensey,Юморист,YuRaN III,Мастер ИП,Нет,Сайдзо,Orochimaru,Rokyro Rau,Rock Lee,Хедин,РИДИК,Tayuya,-Tobi-,Kira,Kirishima Touka,KillerNick,misha10x10x,DeYsTrave,Акабане Карма,Конс,Sakata Gintoki,Вулкан,Fludo,_Indra_,Социопат_мл,Леди ангел,Neji Hyuga,Vizer fon Ghoul,Йоши,Ога Тацуми,Silf,Trigun,Andara,Mikadzuki,Гаара,Konan,Freir,Firebug,ArtiGarPotr,Нагато Пейн,Учиха Хидате,герцогиня,-Uchiha-Artem-,Большой Брат,СОНЯ,Izaya Orihara,CM Punk,Канеки Учиха,Торуне,Deathstroke,Garadin,Pain,_ZeuS_,mazumuz,Минато Намикадзе,Младший Брат,треш,Гусь,Ledi,Сбежавший Учиха,Курама Якумо,Хичиго Широсаки,тихиЙ ужаС,Djons,Социопат,LoLka 80 lvl,Brave,Изуки Мидория,Тобирама Сенджу,Кимимаро,ШикамарУ,Г а а р а,Ogawa,zzStop,Последователь,~KiLLeR~,Пчёлка,Alukard,_Призрак_,Mirajane,Mrak,Scifsyyh,Флэш,Тендо Нагато,~TITAN~,TheJoker,-Sally-,Хрустальный Лис,Акасуна_но_Сасори,StanLee,TipS,Корвин,Учиха Обито
20200726,131583,101301,979038,853871,844989,805418,794996,691690,654192,618593,594103,571972,554599,526245,513293,497780,471972,446419,429847,424822,421665,387670,381143,379528,363950,360830,354055,340491,336095,334981,333531,327891,321966,320754,309846,309512,299620,280884,274763,263748,253528,249440,248518,243429,243202,241704,240797,237813,233458,223481,223271,223224,220765,214521,208275,205931,204289,199831,199041,198868,198148,196544,193808,193371,193273,182132,177956,176322,174668,173483,171378,167807,165786,163046,153308,149844,149723,147911,145992,144106,142481,139166,138361,135853,135751,135730,132825,132021,129559,125801,122506,122415,118598,117727,117591,117204,115828,113024,112718,111625
date,Джирайя,Майто Гай,Uchiha Madara,Shisui,Айзен,AloneInTheDark,Rosich,sensey,Юморист,YuRaN III,Мастер ИП,Нет,Сайдзо,Orochimaru,Rokyro Rau,Rock Lee,Хедин,РИДИК,Tayuya,-Tobi-,Kira,Kirishima Touka,KillerNick,misha10x10x,DeYsTrave,Акабане Карма,Конс,Sakata Gintoki,Вулкан,Fludo,_Indra_,Социопат_мл,Леди ангел,Neji Hyuga,Vizer fon Ghoul,Йоши,Ога Тацуми,Silf,Trigun,Andara,Mikadzuki,Гаара,Konan,Freir,Firebug,ArtiGarPotr,Нагато Пейн,Учиха Хидате,герцогиня,Большой Брат,-Uchiha-Artem-,СОНЯ,Izaya Orihara,CM Punk,Канеки Учиха,Торуне,Deathstroke,Garadin,Pain,_ZeuS_,mazumuz,Минато Намикадзе,Младший Брат,треш,Гусь,Ledi,Сбежавший Учиха,Курама Якумо,Хичиго Широсаки,тихиЙ ужаС,Djons,Социопат,LoLka 80 lvl,Brave,Изуки Мидория,Тобирама Сенджу,Кимимаро,ШикамарУ,Г а а р а,Ogawa,zzStop,Последователь,~KiLLeR~,Пчёлка,Alukard,_Призрак_,Mirajane,Mrak,Scifsyyh,Флэш,Тендо Нагато,~TITAN~,TheJoker,-Sally-,Хрустальный Лис,Акасуна_но_Сасори,StanLee,TipS,Корвин,Учиха Обито
20200727,131583,101341,979378,854278,845369,805418,795385,691879,654192,618593,594103,571972,554599,526245,513704,497780,471972,446419,429847,424822,421665,387670,381143,379528,363950,360830,354057,340491,336095,334981,333531,327891,321966,320754,310113,309921,299620,280884,274763,263748,253528,249440,248518,243429,243202,241704,240797,237813,233458,223538,223481,223224,220765,214521,208275,205931,204289,199831,199041,198868,198148,196544,193808,193371,193273,182132,177956,176322,174668,173483,171707,167807,165786,163046,153308,149844,149723,147911,146001,144106,142481,139166,138361,135853,135751,135730,132825,132021,129559,125801,122506,122415,118598,117727,117591,117204,115828,113024,112718,111625
date,Джирайя,Майто Гай,Uchiha Madara,Shisui,Айзен,AloneInTheDark,Rosich,sensey,Юморист,YuRaN III,Мастер ИП,Нет,Сайдзо,Orochimaru,Rokyro Rau,Rock Lee,Хедин,РИДИК,Tayuya,-Tobi-,Kira,Kirishima Touka,KillerNick,misha10x10x,DeYsTrave,Акабане Карма,Конс,Sakata Gintoki,Вулкан,Fludo,_Indra_,Социопат_мл,Леди ангел,Neji Hyuga,Йоши,Vizer fon Ghoul,Ога Тацуми,Silf,Trigun,Andara,Mikadzuki,Гаара,Konan,Freir,Firebug,ArtiGarPotr,Нагато Пейн,Учиха Хидате,герцогиня,Большой Брат,-Uchiha-Artem-,СОНЯ,Izaya Orihara,CM Punk,Канеки Учиха,Торуне,Deathstroke,Garadin,Pain,_ZeuS_,mazumuz,Минато Намикадзе,Младший Брат,треш,Гусь,Ledi,Сбежавший Учиха,Курама Якумо,Хичиго Широсаки,тихиЙ ужаС,Djons,Социопат,LoLka 80 lvl,Brave,Изуки Мидория,Тобирама Сенджу,Кимимаро,ШикамарУ,Г а а р а,Ogawa,zzStop,Последователь,~KiLLeR~,Пчёлка,Alukard,_Призрак_,Mirajane,Mrak,Scifsyyh,Флэш,Тендо Нагато,~TITAN~,TheJoker,-Sally-,Хрустальный Лис,Акасуна_но_Сасори,StanLee,TipS,Корвин,Учиха Обито
20200728,131589,101382,979748,854657,846050,805418,795919,692223,654192,618593,594103,571972,554599,526245,513868,497780,471972,446419,429847,424822,421665,387670,381143,379528,363950,360830,354057,340491,336095,334981,333531,327891,321966,320754,310329,310251,299620,280884,274763,263748,253528,249440,248518,243429,243202,241704,240797,237813,233458,223929,223481,223224,220767,214521,208275,205931,204289,199831,199041,198868,198148,196544,193808,193371,193273,182132,177956,176322,174668,173483,172024,167807,165786,163046,153308,149844,149723,147911,146016,144106,142481,139166,138361,135853,135751,135730,132825,132021,129559,125801,122510,122415,118598,117727,117591,117204,115828,113024,112718,111625
date,Джирайя,Майто Гай,Uchiha Madara,Shisui,Айзен,AloneInTheDark,Rosich,sensey,Юморист,YuRaN III,Мастер ИП,Нет,Сайдзо,Orochimaru,Rokyro Rau,Rock Lee,Хедин,РИДИК,Tayuya,-Tobi-,Kira,Kirishima Touka,KillerNick,misha10x10x,DeYsTrave,Акабане Карма,Конс,Sakata Gintoki,Вулкан,Fludo,_Indra_,Социопат_мл,Леди ангел,Neji Hyuga,Vizer fon Ghoul,Йоши,Ога Тацуми,Silf,Trigun,Andara,Mikadzuki,Гаара,Konan,Freir,Firebug,ArtiGarPotr,Нагато Пейн,Учиха Хидате,герцогиня,Большой Брат,-Uchiha-Artem-,СОНЯ,Izaya Orihara,CM Punk,Канеки Учиха,Торуне,Deathstroke,Garadin,Pain,_ZeuS_,mazumuz,Минато Намикадзе,Младший Брат,треш,Гусь,Ledi,Сбежавший Учиха,Курама Якумо,Хичиго Широсаки,тихиЙ ужаС,Djons,Социопат,LoLka 80 lvl,Brave,Изуки Мидория,Тобирама Сенджу,Кимимаро,ШикамарУ,Г а а р а,Ogawa,zzStop,Последователь,~KiLLeR~,Пчёлка,Alukard,_Призрак_,Mirajane,Mrak,Scifsyyh,Флэш,Тендо Нагато,~TITAN~,TheJoker,-Sally-,Хрустальный Лис,Акасуна_но_Сасори,StanLee,TipS,Корвин,Учиха Обито
20200729,131638,101420,980177,855122,846607,805418,796257,692574,654192,618593,594103,571972,554599,526245,514048,497780,471972,446419,429847,424822,421665,387670,381143,379528,363950,360830,354057,340491,336095,334981,333531,327891,321966,320754,310629,310462,299620,280884,274763,263748,253528,249440,248518,243429,243202,241704,240797,237813,233458,224017,223481,223224,220767,214521,208275,205931,204289,199831,199041,198868,198148,196544,193808,193371,193273,182132,177956,176322,174668,173483,172293,167807,165786,163046,153308,149844,149723,147911,146025,144106,142481,139166,138361,135853,135751,135730,132825,132021,129559,125801,122518,122415,118598,117727,117591,117204,115828,113024,112718,111625
date,Джирайя,Майто Гай,Uchiha Madara,Shisui,Айзен,AloneInTheDark,Rosich,sensey,Юморист,YuRaN III,Мастер ИП,Нет,Сайдзо,Orochimaru,Rokyro Rau,Rock Lee,Хедин,РИДИК,Tayuya,-Tobi-,Kira,Kirishima Touka,KillerNick,misha10x10x,DeYsTrave,Акабане Карма,Конс,Sakata Gintoki,Вулкан,Fludo,_Indra_,Социопат_мл,Леди ангел,Neji Hyuga,Vizer fon Ghoul,Йоши,Ога Тацуми,Silf,Trigun,Andara,Mikadzuki,Гаара,Konan,Freir,Firebug,ArtiGarPotr,Нагато Пейн,Учиха Хидате,герцогиня,Большой Брат,-Uchiha-Artem-,СОНЯ,Izaya Orihara,CM Punk,Канеки Учиха,Торуне,Deathstroke,Garadin,Pain,_ZeuS_,mazumuz,Минато Намикадзе,Младший Брат,треш,Гусь,Ledi,Сбежавший Учиха,Курама Якумо,Хичиго Широсаки,тихиЙ ужаС,Djons,Социопат,LoLka 80 lvl,Brave,Изуки Мидория,Тобирама Сенджу,Кимимаро,ШикамарУ,Г а а р а,Ogawa,zzStop,Последователь,~KiLLeR~,Пчёлка,Alukard,_Призрак_,Mirajane,Mrak,Scifsyyh,Флэш,Тендо Нагато,~TITAN~,TheJoker,-Sally-,Хрустальный Лис,Акасуна_но_Сасори,StanLee,TipS,Корвин,Учиха Обито
20200730,131686,101459,980452,855524,847032,806092,796615,692928,654192,618593,594103,571972,554599,526245,514735,497780,471972,446419,429847,424822,421665,387670,381143,379528,363950,360830,354057,340491,336095,334981,333531,327891,321966,320754,311201,310563,299620,280884,274763,263748,253528,249440,248518,243429,243202,241704,240797,237813,233458,224487,223481,223224,220767,214521,208275,205931,204289,199831,199041,198868,198148,196544,193808,193371,193273,182132,177956,176322,174668,173483,172370,167807,165786,163046,153308,149844,149723,147911,146036,144106,142481,139166,138361,135853,135751,135730,132825,132021,129559,125801,122522,122415,118598,117727,117591,117204,115828,113024,112718,111625
date,Джирайя,Майто Гай,Uchiha Madara,Shisui,Айзен,AloneInTheDark,Rosich,sensey,Юморист,YuRaN III,Мастер ИП,Нет,Сайдзо,Orochimaru,Rokyro Rau,Rock Lee,Хедин,РИДИК,Tayuya,-Tobi-,Kira,Kirishima Touka,KillerNick,misha10x10x,DeYsTrave,Акабане Карма,Конс,Sakata Gintoki,Вулкан,Fludo,_Indra_,Социопат_мл,Леди ангел,Neji Hyuga,Vizer fon Ghoul,Йоши,Ога Тацуми,Silf,Trigun,Andara,Mikadzuki,Гаара,Konan,Freir,Firebug,ArtiGarPotr,Нагато Пейн,Учиха Хидате,герцогиня,Большой Брат,-Uchiha-Artem-,СОНЯ,Izaya Orihara,CM Punk,Канеки Учиха,Торуне,Deathstroke,Garadin,Pain,_ZeuS_,mazumuz,Минато Намикадзе,Младший Брат,треш,Гусь,Ledi,Сбежавший Учиха,Курама Якумо,Хичиго Широсаки,тихиЙ ужаС,Djons,Социопат,LoLka 80 lvl,Brave,Изуки Мидория,Тобирама Сенджу,Кимимаро,ШикамарУ,Г а а р а,Ogawa,zzStop,Последователь,~KiLLeR~,Пчёлка,Alukard,_Призрак_,Mirajane,Mrak,Scifsyyh,Флэш,Тендо Нагато,~TITAN~,TheJoker,-Sally-,Хрустальный Лис,Акасуна_но_Сасори,StanLee,TipS,Корвин,Учиха Обито
20200731,131729,101498,981163,855791,847497,806312,797069,693292,654192,618593,594103,571972,554599,526245,515074,497780,471972,446419,429847,424822,421665,387670,381143,379528,363950,360830,354057,340491,336095,334981,333531,327891,321966,320754,311372,310972,299620,280884,274763,263748,253528,249440,248518,243429,243202,241704,240797,237813,233458,224893,223481,223224,220767,214521,208275,205931,204289,199831,199041,198868,198148,196544,193808,193371,193273,182132,177956,176322,174668,173483,172580,167807,165786,163046,153308,149844,149723,147911,146046,144106,142481,139167,138361,135853,135751,135730,132825,132021,129559,125801,122531,122415,118598,117727,117591,117204,115828,113024,112718,111625
date,Джирайя,Майто Гай,Uchiha Madara,Shisui,Айзен,AloneInTheDark,Rosich,sensey,Юморист,YuRaN III,Мастер ИП,Нет,Сайдзо,Orochimaru,Rokyro Rau,Rock Lee,Хедин,РИДИК,Tayuya,-Tobi-,Kira,Kirishima Touka,KillerNick,misha10x10x,DeYsTrave,Акабане Карма,Конс,Sakata Gintoki,Вулкан,Fludo,_Indra_,Социопат_мл,Леди ангел,Neji Hyuga,Vizer fon Ghoul,Йоши,Ога Тацуми,Silf,Trigun,Andara,Mikadzuki,Гаара,Konan,Freir,Firebug,ArtiGarPotr,Нагато Пейн,Учиха Хидате,герцогиня,Большой Брат,-Uchiha-Artem-,СОНЯ,Izaya Orihara,CM Punk,Канеки Учиха,Торуне,Deathstroke,Garadin,Pain,_ZeuS_,mazumuz,Минато Намикадзе,Младший Брат,треш,Гусь,Ledi,Сбежавший Учиха,Курама Якумо,Хичиго Широсаки,тихиЙ ужаС,Djons,Социопат,LoLka 80 lvl,Brave,Изуки Мидория,Тобирама Сенджу,Кимимаро,ШикамарУ,Г а а р а,Ogawa,zzStop,Последователь,~KiLLeR~,Пчёлка,Alukard,_Призрак_,Mirajane,Mrak,Scifsyyh,Флэш,Тендо Нагато,~TITAN~,TheJoker,-Sally-,Хрустальный Лис,Акасуна_но_Сасори,StanLee,TipS,Корвин,Учиха Обито
20200801,131771,101537,981414,856360,847878,806435,797444,693631,654192,618593,594103,571972,554599,526245,515165,497780,471972,446419,429847,424822,421665,387670,381143,379528,363950,360830,354057,340491,336095,334981,333531,327891,321966,320754,311448,311370,299620,280884,274763,263748,253528,249440,248518,243429,243202,241704,240797,237813,233458,225232,223481,223224,220767,214521,208275,205931,204289,199831,199041,198868,198148,196544,193808,193371,193273,182132,177956,176322,174668,173483,172738,167807,165786,163046,153308,149844,149723,147911,146054,144106,142481,139167,138361,135853,135751,135730,132825,132021,129559,125801,122541,122415,118598,117727,117591,117204,115828,113024,112718,111625
date,Джирайя,Майто Гай,Uchiha Madara,Shisui,Айзен,AloneInTheDark,Rosich,sensey,Юморист,YuRaN III,Мастер ИП,Нет,Сайдзо,Orochimaru,Rokyro Rau,Rock Lee,Хедин,РИДИК,Tayuya,-Tobi-,Kira,Kirishima Touka,KillerNick,misha10x10x,DeYsTrave,Акабане Карма,Конс,Sakata Gintoki,Вулкан,Fludo,_Indra_,Социопат_мл,Леди ангел,Neji Hyuga,Йоши,Vizer fon Ghoul,Ога Тацуми,Silf,Trigun,Andara,Mikadzuki,Гаара,Konan,Freir,Firebug,ArtiGarPotr,Нагато Пейн,Учиха Хидате,герцогиня,Большой Брат,-Uchiha-Artem-,СОНЯ,Izaya Orihara,CM Punk,Канеки Учиха,Торуне,Deathstroke,Garadin,Pain,_ZeuS_,mazumuz,Минато Намикадзе,Младший Брат,треш,Гусь,Ledi,Сбежавший Учиха,Курама Якумо,Хичиго Широсаки,тихиЙ ужаС,Djons,Социопат,LoLka 80 lvl,Brave,Изуки Мидория,Тобирама Сенджу,Кимимаро,ШикамарУ,Г а а р а,Ogawa,zzStop,Последователь,~KiLLeR~,Пчёлка,Alukard,_Призрак_,Mirajane,Mrak,Scifsyyh,Флэш,Тендо Нагато,~TITAN~,TheJoker,-Sally-,Хрустальный Лис,Акасуна_но_Сасори,StanLee,TipS,Корвин,Учиха Обито
20200802,131771,101578,981621,856763,848314,807086,797783,694201,654192,618593,594103,571972,554599,526245,515408,497780,471972,446419,429847,424822,421665,387670,381143,379529,363950,360830,354057,340491,336095,334981,333531,327891,321966,320754,311735,311620,299620,280884,274763,263748,253528,249440,248518,243429,243202,241704,240797,237813,233458,225652,223481,223224,220767,214521,208275,205931,204289,199831,199041,198868,198148,196544,193808,193371,193273,182132,177956,176322,174668,173483,173328,167807,165786,163046,153308,149844,149723,147911,146060,144106,142481,139167,138361,135853,135751,135730,132825,132021,129559,125801,122549,122415,118598,117727,117591,117204,115828,113024,112718,111625
date,Джирайя,Майто Гай,Uchiha Madara,Shisui,Айзен,AloneInTheDark,Rosich,sensey,Юморист,YuRaN III,Мастер ИП,Нет,Сайдзо,Orochimaru,Rokyro Rau,Rock Lee,Хедин,РИДИК,Tayuya,-Tobi-,Kira,Kirishima Touka,KillerNick,misha10x10x,DeYsTrave,Акабане Карма,Конс,Sakata Gintoki,Вулкан,Fludo,_Indra_,Социопат_мл,Леди ангел,Neji Hyuga,Йоши,Vizer fon Ghoul,Ога Тацуми,Silf,Trigun,Andara,Mikadzuki,Гаара,Konan,Freir,Firebug,ArtiGarPotr,Нагато Пейн,Учиха Хидате,герцогиня,Большой Брат,-Uchiha-Artem-,СОНЯ,Izaya Orihara,CM Punk,Канеки Учиха,Торуне,Deathstroke,Garadin,Pain,_ZeuS_,mazumuz,Минато Намикадзе,Младший Брат,треш,Гусь,Ledi,Сбежавший Учиха,Курама Якумо,Хичиго Широсаки,Djons,тихиЙ ужаС,Социопат,LoLka 80 lvl,Brave,Изуки Мидория,Тобирама Сенджу,Кимимаро,ШикамарУ,Г а а р а,Ogawa,zzStop,Последователь,~KiLLeR~,Пчёлка,Alukard,_Призрак_,Mirajane,Mrak,Scifsyyh,Флэш,Тендо Нагато,~TITAN~,TheJoker,-Sally-,Хрустальный Лис,Акасуна_но_Сасори,StanLee,TipS,Корвин,Учиха Обито
20200803,131771,101615,982225,856968,848749,807443,798010,694376,654192,618593,594103,571972,554599,526245,515657,497780,471972,446419,429847,424822,421665,387670,381143,379529,363950,360830,354057,340491,336095,334981,333531,327891,321966,320754,311745,311736,299620,280884,274763,263748,253528,249440,248518,243429,243202,241704,240797,237813,233458,225934,223481,223224,220767,214521,208275,205931,204289,199831,199041,198868,198148,196544,193808,193371,193273,182132,177956,176322,174668,173654,173483,167807,165786,163046,153308,149844,149723,147911,146071,144106,142481,139167,138361,135853,135751,135730,132825,132021,129559,125801,122559,122415,118598,117727,117591,117204,115828,113024,112718,111625
date,Джирайя,Майто Гай,Uchiha Madara,Shisui,Айзен,AloneInTheDark,Rosich,sensey,Юморист,YuRaN III,Мастер ИП,Нет,Сайдзо,Orochimaru,Rokyro Rau,Rock Lee,Хедин,РИДИК,Tayuya,-Tobi-,Kira,Kirishima Touka,KillerNick,misha10x10x,DeYsTrave,Акабане Карма,Конс,Sakata Gintoki,Вулкан,Fludo,_Indra_,Социопат_мл,Леди ангел,Neji Hyuga,Vizer fon Ghoul,Йоши,Ога Тацуми,Silf,Trigun,Andara,Mikadzuki,Гаара,Konan,Freir,Firebug,ArtiGarPotr,Нагато Пейн,Учиха Хидате,герцогиня,Большой Брат,-Uchiha-Artem-,СОНЯ,Izaya Orihara,CM Punk,Канеки Учиха,Торуне,Deathstroke,Garadin,Pain,_ZeuS_,mazumuz,Минато Намикадзе,Младший Брат,треш,Гусь,Ledi,Сбежавший Учиха,Курама Якумо,Хичиго Широсаки,Djons,тихиЙ ужаС,Социопат,LoLka 80 lvl,Brave,Изуки Мидория,Тобирама Сенджу,Кимимаро,ШикамарУ,Г а а р а,Ogawa,zzStop,Последователь,~KiLLeR~,Пчёлка,Alukard,_Призрак_,Mirajane,Mrak,Scifsyyh,Флэш,Тендо Нагато,~TITAN~,TheJoker,-Sally-,Хрустальный Лис,Акасуна_но_Сасори,StanLee,TipS,Корвин,Учиха Обито
20200804,131771,101655,982579,857569,849260,807810,798507,694939,654192,618593,594104,571972,554599,526245,515679,497780,471972,446419,429847,424822,421665,387670,381143,379529,363950,360830,354057,340491,336095,334981,333531,327891,321966,320754,311957,311872,299620,280884,274763,263748,253528,249440,248518,243429,243202,241704,240797,237813,233458,226479,223481,223224,220767,214521,208275,205931,204289,199831,199041,198868,198148,196544,193808,193371,193273,182132,177956,176322,174668,173889,173483,167807,165786,163046,153308,149844,149723,147911,146072,144106,142481,139167,138361,135853,135751,135730,132825,132021,129559,125801,122560,122415,118598,117727,117591,117204,115828,113024,112718,111625
date,Джирайя,Майто Гай,Uchiha Madara,Shisui,Айзен,AloneInTheDark,Rosich,sensey,Юморист,YuRaN III,Мастер ИП,Нет,Сайдзо,Orochimaru,Rokyro Rau,Rock Lee,Хедин,РИДИК,Tayuya,-Tobi-,Kira,Kirishima Touka,KillerNick,misha10x10x,DeYsTrave,Акабане Карма,Конс,Sakata Gintoki,Вулкан,Fludo,_Indra_,Социопат_мл,Леди ангел,Neji Hyuga,Йоши,Vizer fon Ghoul,Ога Тацуми,Silf,Trigun,Andara,Mikadzuki,Гаара,Konan,Freir,Firebug,ArtiGarPotr,Нагато Пейн,Учиха Хидате,герцогиня,Большой Брат,-Uchiha-Artem-,СОНЯ,Izaya Orihara,CM Punk,Канеки Учиха,Торуне,Deathstroke,Garadin,Pain,_ZeuS_,mazumuz,Минато Намикадзе,Младший Брат,треш,Гусь,Ledi,Сбежавший Учиха,Курама Якумо,Хичиго Широсаки,Djons,тихиЙ ужаС,Социопат,LoLka 80 lvl,Brave,Изуки Мидория,Тобирама Сенджу,Кимимаро,ШикамарУ,Г а а р а,Ogawa,zzStop,Последователь,~KiLLeR~,Пчёлка,Alukard,_Призрак_,Mirajane,Mrak,Scifsyyh,Флэш,Тендо Нагато,~TITAN~,TheJoker,-Sally-,Хрустальный Лис,Акасуна_но_Сасори,StanLee,TipS,Корвин,Учиха Обито
20200805,131771,101694,982842,857978,849880,808015,798854,695123,654192,618593,594104,571972,554599,526245,516374,497780,471972,446419,429847,424822,421665,387670,381143,379529,363950,360830,354057,340491,336095,334981,333531,327891,321966,320754,312238,312138,299620,280884,274763,263748,253528,249440,248518,243429,243202,241704,240797,237813,233458,226653,223481,223224,220767,214521,208275,205931,204289,199831,199041,198868,198148,196544,193808,193371,193273,182132,177956,176322,174668,174123,173483,167807,165786,163046,153308,149844,149723,147911,146072,144106,142481,139167,138361,135853,135751,135730,132825,132021,129559,125801,122560,122415,118598,117727,117591,117204,115828,113024,112718,111625
date,Джирайя,Майто Гай,Uchiha Madara,Shisui,Айзен,AloneInTheDark,Rosich,sensey,Юморист,YuRaN III,Мастер ИП,Нет,Сайдзо,Orochimaru,Rokyro Rau,Rock Lee,Хедин,РИДИК,Tayuya,-Tobi-,Kira,Kirishima Touka,KillerNick,misha10x10x,DeYsTrave,Акабане Карма,Конс,Sakata Gintoki,Вулкан,Fludo,_Indra_,Социопат_мл,Леди ангел,Neji Hyuga,Vizer fon Ghoul,Йоши,Ога Тацуми,Silf,Trigun,Andara,Mikadzuki,Гаара,Konan,Freir,Firebug,ArtiGarPotr,Нагато Пейн,Учиха Хидате,герцогиня,Большой Брат,-Uchiha-Artem-,СОНЯ,Izaya Orihara,CM Punk,Канеки Учиха,Торуне,Deathstroke,Garadin,Pain,_ZeuS_,mazumuz,Минато Намикадзе,Младший Брат,треш,Гусь,Ledi,Сбежавший Учиха,Курама Якумо,Хичиго Широсаки,Djons,тихиЙ ужаС,Социопат,LoLka 80 lvl,Brave,Изуки Мидория,Тобирама Сенджу,Кимимаро,ШикамарУ,Г а а р а,Ogawa,zzStop,Последователь,~KiLLeR~,Пчёлка,Alukard,_Призрак_,Mirajane,Mrak,Scifsyyh,Флэш,Тендо Нагато,~TITAN~,TheJoker,-Sally-,Хрустальный Лис,Акасуна_но_Сасори,StanLee,TipS,Корвин,Учиха Обито
20200806,131827,101735,983327,858389,850558,808557,799312,695594,654192,618593,594104,571972,554599,526245,516532,497780,471972,446419,429847,425029,421665,387670,381143,379529,363950,360830,354057,340491,336095,334981,333531,327891,321966,320754,312668,312238,299620,280884,274763,263748,253528,249440,248518,243429,243202,241704,240797,237813,233458,227025,223481,223224,220767,214521,208275,205931,204289,199831,199041,198868,198148,196544,193808,193371,193273,182132,177956,176322,174668,174200,173483,167807,165786,163046,153308,149844,149723,147911,146072,144106,142481,139167,138361,135853,135751,135730,132825,132021,129559,125801,122560,122415,118598,117727,117591,117204,115828,113024,112718,111625
date,Джирайя,Майто Гай,Uchiha Madara,Shisui,Айзен,AloneInTheDark,Rosich,sensey,Юморист,YuRaN III,Мастер ИП,Нет,Сайдзо,Orochimaru,Rokyro Rau,Rock Lee,Хедин,РИДИК,Tayuya,-Tobi-,Kira,Kirishima Touka,KillerNick,misha10x10x,DeYsTrave,Акабане Карма,Конс,Sakata Gintoki,Вулкан,Fludo,_Indra_,Социопат_мл,Леди ангел,Neji Hyuga,Vizer fon Ghoul,Йоши,Ога Тацуми,Silf,Trigun,Andara,Mikadzuki,Гаара,Konan,Freir,Firebug,ArtiGarPotr,Нагато Пейн,Учиха Хидате,герцогиня,Большой Брат,-Uchiha-Artem-,СОНЯ,Izaya Orihara,CM Punk,Канеки Учиха,Торуне,Deathstroke,Garadin,Pain,_ZeuS_,mazumuz,Минато Намикадзе,Младший Брат,треш,Гусь,Ledi,Сбежавший Учиха,Курама Якумо,Хичиго Широсаки,Djons,тихиЙ ужаС,Социопат,LoLka 80 lvl,Brave,Изуки Мидория,Тобирама Сенджу,Кимимаро,ШикамарУ,Г а а р а,Ogawa,zzStop,Последователь,~KiLLeR~,Пчёлка,Alukard,_Призрак_,Mirajane,Mrak,Scifsyyh,Флэш,Тендо Нагато,~TITAN~,TheJoker,-Sally-,Хрустальный Лис,Акасуна_но_Сасори,StanLee,TipS,Корвин,Учиха Обито
20200807,131827,101771,983708,858806,850990,808914,799601,695852,654192,618593,594104,571972,554599,526245,516582,497780,471972,446419,429847,425511,421665,387670,381143,379529,363950,360830,354057,340491,336095,334981,333531,327891,321966,320754,312934,312238,299620,280884,274763,263748,253528,249440,248518,243429,243202,241704,240797,237813,233458,227371,223481,223224,220767,214521,208275,205931,204289,199831,199041,198868,198148,196544,193808,193371,193273,182132,177956,176322,174668,174364,173483,167807,165786,163046,153308,149844,149723,147911,146076,144106,142481,139167,138361,135853,135751,135730,132825,132021,129559,125801,122566,122415,118598,117727,117591,117204,115828,113024,112718,111625
date,Джирайя,Майто Гай,Uchiha Madara,Shisui,Айзен,AloneInTheDark,Rosich,sensey,Юморист,YuRaN III,Мастер ИП,Нет,Сайдзо,Orochimaru,Rokyro Rau,Rock Lee,Хедин,РИДИК,Tayuya,-Tobi-,Kira,Kirishima Touka,KillerNick,misha10x10x,DeYsTrave,Акабане Карма,Конс,Sakata Gintoki,Вулкан,Fludo,_Indra_,Социопат_мл,Леди ангел,Neji Hyuga,Vizer fon Ghoul,Йоши,Ога Тацуми,Silf,Trigun,Andara,Mikadzuki,Гаара,Konan,Freir,Firebug,ArtiGarPotr,Нагато Пейн,Учиха Хидате,герцогиня,Большой Брат,-Uchiha-Artem-,СОНЯ,Izaya Orihara,CM Punk,Канеки Учиха,Торуне,Deathstroke,Garadin,Pain,_ZeuS_,mazumuz,Минато Намикадзе,Младший Брат,треш,Гусь,Ledi,Сбежавший Учиха,Курама Якумо,Хичиго Широсаки,Djons,тихиЙ ужаС,Социопат,LoLka 80 lvl,Brave,Изуки Мидория,Тобирама Сенджу,Кимимаро,ШикамарУ,Г а а р а,Ogawa,zzStop,Последователь,~KiLLeR~,Пчёлка,Alukard,_Призрак_,Mirajane,Mrak,Scifsyyh,Флэш,Тендо Нагато,~TITAN~,TheJoker,-Sally-,Хрустальный Лис,Акасуна_но_Сасори,StanLee,TipS,Корвин,Учиха Обито
20200808,131827,101790,984156,859162,851435,809266,800023,696166,654192,618593,594104,571972,554599,526245,516650,497780,471972,446420,429847,425511,421665,387670,381143,379529,363950,360830,354057,340491,336095,334981,333531,327891,321966,320754,313210,312238,299620,280884,274763,263748,253528,249440,248518,243429,243202,241704,240797,237813,233458,227682,223481,223224,220767,214521,208275,205931,204289,199831,199041,198868,198148,196544,193808,193371,193273,182132,177956,176322,174668,174536,173483,167807,165786,163046,153308,149844,149723,147911,146081,144106,142481,139167,138361,135853,135751,135730,132825,132021,129559,125801,122572,122415,118598,117727,117591,117204,115828,113024,112718,111625
date,Джирайя,Майто Гай,Uchiha Madara,Shisui,Айзен,AloneInTheDark,Rosich,sensey,Юморист,YuRaN III,Мастер ИП,Нет,Сайдзо,Orochimaru,Rokyro Rau,Rock Lee,Хедин,РИДИК,Tayuya,-Tobi-,Kira,Kirishima Touka,KillerNick,misha10x10x,DeYsTrave,Акабане Карма,Конс,Sakata Gintoki,Вулкан,Fludo,_Indra_,Социопат_мл,Леди ангел,Neji Hyuga,Vizer fon Ghoul,Йоши,Ога Тацуми,Silf,Trigun,Andara,Mikadzuki,Гаара,Konan,Freir,Firebug,ArtiGarPotr,Нагато Пейн,Учиха Хидате,герцогиня,Большой Брат,-Uchiha-Artem-,СОНЯ,Izaya Orihara,CM Punk,Канеки Учиха,Торуне,Deathstroke,Garadin,Pain,_ZeuS_,mazumuz,Минато Намикадзе,Младший Брат,треш,Гусь,Ledi,Сбежавший Учиха,Курама Якумо,Djons,Хичиго Широсаки,тихиЙ ужаС,Социопат,LoLka 80 lvl,Brave,Изуки Мидория,Тобирама Сенджу,Кимимаро,ШикамарУ,Г а а р а,Ogawa,zzStop,Последователь,~KiLLeR~,Пчёлка,Alukard,_Призрак_,Mirajane,Mrak,Scifsyyh,Флэш,Тендо Нагато,~TITAN~,TheJoker,-Sally-,Хрустальный Лис,Акасуна_но_Сасори,StanLee,TipS,Корвин,Учиха Обито
20200809,131827,101806,984536,859613,851668,809593,800023,696732,654192,618593,594104,571972,554599,526245,517111,497780,472009,446420,429847,425695,421665,387670,381143,379529,363950,360830,354057,340491,336095,334981,333531,327891,321966,320754,313526,312238,299620,280884,274763,263748,253528,249440,248518,243429,243202,241704,240797,237813,233458,228115,223481,223224,220767,214521,208275,205931,204289,199831,199041,198868,198148,196544,193808,193371,193273,182132,177956,176322,175041,174668,173483,167807,165786,163046,153308,149844,149723,147911,146081,144106,142481,139167,138361,135853,135751,135730,132825,132021,129559,125801,122572,122415,118598,117727,117591,117204,115828,113024,112718,111625
date,Джирайя,Майто Гай,Uchiha Madara,Shisui,Айзен,AloneInTheDark,Rosich,sensey,Юморист,YuRaN III,Мастер ИП,Нет,Сайдзо,Orochimaru,Rokyro Rau,Rock Lee,Хедин,РИДИК,Tayuya,-Tobi-,Kira,Kirishima Touka,KillerNick,misha10x10x,DeYsTrave,Акабане Карма,Конс,Sakata Gintoki,Вулкан,Fludo,_Indra_,Социопат_мл,Леди ангел,Neji Hyuga,Vizer fon Ghoul,Йоши,Ога Тацуми,Silf,Trigun,Andara,Mikadzuki,Гаара,Konan,Freir,Firebug,ArtiGarPotr,Нагато Пейн,Учиха Хидате,герцогиня,Большой Брат,-Uchiha-Artem-,СОНЯ,Izaya Orihara,CM Punk,Канеки Учиха,Торуне,Deathstroke,Garadin,Pain,_ZeuS_,mazumuz,Минато Намикадзе,Младший Брат,треш,Гусь,Ledi,Сбежавший Учиха,Курама Якумо,Djons,Хичиго Широсаки,тихиЙ ужаС,Социопат,LoLka 80 lvl,Brave,Изуки Мидория,Тобирама Сенджу,Кимимаро,ШикамарУ,Г а а р а,Ogawa,zzStop,Последователь,~KiLLeR~,Пчёлка,Alukard,_Призрак_,Mirajane,Mrak,Scifsyyh,Флэш,Тендо Нагато,~TITAN~,TheJoker,-Sally-,Хрустальный Лис,Акасуна_но_Сасори,StanLee,TipS,Корвин,Учиха Обито
20200810,131827,101822,984883,860017,852142,809800,800451,696990,654192,618593,594104,571972,554599,526245,517211,497780,472009,446420,429847,425695,421665,387670,381143,379529,363950,360830,354057,340491,336095,334981,333531,327891,321966,320754,313740,312238,299620,280884,274763,263748,253528,249440,248518,243429,243202,241704,240797,237813,233458,228445,223481,223224,220767,214521,208275,205931,204289,199831,199041,198868,198148,196544,193808,193371,193273,182132,177956,176322,175288,174668,173483,167807,165786,163046,153308,149844,149723,147911,146085,144106,142481,139167,138361,135853,135751,135730,132825,132021,129559,125801,122576,122415,118598,117727,117591,117204,115828,113024,112718,111625
date,Джирайя,Майто Гай,Uchiha Madara,Shisui,Айзен,AloneInTheDark,Rosich,sensey,Юморист,YuRaN III,Мастер ИП,Нет,Сайдзо,Orochimaru,Rokyro Rau,Rock Lee,Хедин,РИДИК,Tayuya,-Tobi-,Kira,Kirishima Touka,KillerNick,misha10x10x,DeYsTrave,Акабане Карма,Конс,Sakata Gintoki,Вулкан,Fludo,_Indra_,Социопат_мл,Леди ангел,Neji Hyuga,Vizer fon Ghoul,Йоши,Ога Тацуми,Silf,Trigun,Andara,Mikadzuki,Гаара,Konan,Freir,Firebug,ArtiGarPotr,Нагато Пейн,Учиха Хидате,герцогиня,Большой Брат,-Uchiha-Artem-,СОНЯ,Izaya Orihara,CM Punk,Канеки Учиха,Торуне,Deathstroke,Garadin,Pain,_ZeuS_,mazumuz,Минато Намикадзе,Младший Брат,треш,Гусь,Ledi,Сбежавший Учиха,Курама Якумо,Djons,Хичиго Широсаки,тихиЙ ужаС,Социопат,LoLka 80 lvl,Brave,Изуки Мидория,Тобирама Сенджу,Кимимаро,ШикамарУ,Г а а р а,Ogawa,zzStop,Последователь,~KiLLeR~,Пчёлка,Alukard,_Призрак_,Mirajane,Mrak,Scifsyyh,Флэш,Тендо Нагато,~TITAN~,TheJoker,-Sally-,Хрустальный Лис,Акасуна_но_Сасори,StanLee,TipS,Корвин,Учиха Обито
20200811,131864,101891,985314,860428,852781,810321,800734,696990,654192,618593,594104,571972,554599,526245,517304,497780,472009,446428,429847,425695,421673,387670,381143,379529,363950,360830,354063,340491,336095,334981,333531,327891,321966,320754,314268,312238,299620,280884,274763,263748,253528,249440,248518,243429,243202,241704,240797,237813,233458,228445,223481,223224,220767,214521,208275,205931,204289,199831,199041,198868,198148,196544,193808,193371,193273,182132,177956,176322,175396,174668,173483,167807,165786,163046,153308,149844,149723,147911,146101,144106,142481,139167,138361,135853,135751,135730,132825,132021,129559,125801,122576,122415,118598,117727,117591,117204,115829,113024,112718,111625
date,Джирайя,Майто Гай,Uchiha Madara,Shisui,Айзен,AloneInTheDark,Rosich,sensey,Юморист,YuRaN III,Мастер ИП,Нет,Сайдзо,Orochimaru,Rokyro Rau,Rock Lee,Хедин,РИДИК,Tayuya,-Tobi-,Kira,Kirishima Touka,KillerNick,misha10x10x,DeYsTrave,Акабане Карма,Конс,Sakata Gintoki,Вулкан,Fludo,_Indra_,Социопат_мл,Леди ангел,Neji Hyuga,Vizer fon Ghoul,Йоши,Ога Тацуми,Silf,Trigun,Andara,Mikadzuki,Гаара,Konan,Freir,Firebug,ArtiGarPotr,Нагато Пейн,Учиха Хидате,герцогиня,Большой Брат,-Uchiha-Artem-,СОНЯ,Izaya Orihara,CM Punk,Канеки Учиха,Торуне,Deathstroke,Garadin,Pain,_ZeuS_,mazumuz,Минато Намикадзе,Младший Брат,треш,Гусь,Ledi,Сбежавший Учиха,Курама Якумо,Djons,Хичиго Широсаки,тихиЙ ужаС,Социопат,LoLka 80 lvl,Brave,Изуки Мидория,Тобирама Сенджу,Кимимаро,ШикамарУ,Г а а р а,Ogawa,zzStop,Последователь,~KiLLeR~,Пчёлка,Alukard,_Призрак_,Mirajane,Mrak,Scifsyyh,Флэш,Тендо Нагато,~TITAN~,TheJoker,-Sally-,Хрустальный Лис,Акасуна_но_Сасори,StanLee,TipS,Корвин,Учиха Обито
20200812,131864,101932,985582,860757,853566,810731,801122,696990,654192,618593,594104,571972,554599,526245,517473,497780,472009,446430,429847,425695,421681,387670,381143,379529,363950,360830,354063,340491,336095,334981,333531,327891,321966,320754,314497,312238,299620,280884,274763,263748,253528,249440,248518,243429,243202,241704,240797,237813,233458,228445,223481,223224,220767,214521,208275,205931,204289,199831,199041,198868,198148,196544,193808,193371,193273,182132,177956,176322,175473,174668,173483,167807,165786,163046,153308,149844,149723,147911,146111,144106,142481,139167,138361,135853,135751,135730,132825,132021,129559,125801,122580,122415,118598,117727,117591,117204,115829,113024,112718,111625
date,Джирайя,Майто Гай,Uchiha Madara,Shisui,Айзен,AloneInTheDark,Rosich,sensey,Юморист,YuRaN III,Мастер ИП,Нет,Сайдзо,Orochimaru,Rokyro Rau,Rock Lee,Хедин,РИДИК,Tayuya,-Tobi-,Kira,Kirishima Touka,KillerNick,misha10x10x,DeYsTrave,Акабане Карма,Конс,Sakata Gintoki,Вулкан,Fludo,_Indra_,Социопат_мл,Леди ангел,Neji Hyuga,Vizer fon Ghoul,Йоши,Ога Тацуми,Silf,Trigun,Andara,Mikadzuki,Гаара,Konan,Freir,Firebug,ArtiGarPotr,Нагато Пейн,Учиха Хидате,герцогиня,Большой Брат,-Uchiha-Artem-,СОНЯ,Izaya Orihara,CM Punk,Канеки Учиха,Торуне,Deathstroke,Garadin,Pain,_ZeuS_,mazumuz,Минато Намикадзе,Младший Брат,треш,Гусь,Ledi,Сбежавший Учиха,Курама Якумо,Djons,Хичиго Широсаки,тихиЙ ужаС,Социопат,LoLka 80 lvl,Brave,Изуки Мидория,Тобирама Сенджу,Кимимаро,ШикамарУ,Г а а р а,Ogawa,zzStop,Последователь,~KiLLeR~,Пчёлка,Alukard,_Призрак_,Mirajane,Mrak,Scifsyyh,Флэш,Тендо Нагато,~TITAN~,TheJoker,-Sally-,Хрустальный Лис,Акасуна_но_Сасори,StanLee,TipS,Корвин,Учиха Обито
20200813,131864,101970,985975,861131,853932,811086,801609,697546,654192,618593,594104,571972,554599,526245,517643,497780,472009,446430,429847,425695,421681,387670,381143,379529,363950,360830,354063,340491,336095,334981,333531,327891,321966,320754,314890,312238,299620,280884,274763,263748,253528,249440,248518,243429,243202,241704,240797,237813,233458,228738,223481,223224,220767,214521,208275,205931,204289,199831,199041,198868,198148,196544,193808,193371,193273,182132,177956,176322,175601,174668,173483,167807,165786,163046,153308,149844,149723,147911,146123,144106,142481,139167,138361,135853,135751,135730,132825,132021,129559,125801,122592,122415,118598,117727,117591,117204,115829,113024,112718,111625
date,Джирайя,Майто Гай,Uchiha Madara,Shisui,Айзен,AloneInTheDark,Rosich,sensey,Юморист,YuRaN III,Мастер ИП,Нет,Сайдзо,Orochimaru,Rokyro Rau,Rock Lee,Хедин,РИДИК,Tayuya,-Tobi-,Kira,Kirishima Touka,KillerNick,misha10x10x,DeYsTrave,Акабане Карма,Конс,Sakata Gintoki,Вулкан,Fludo,_Indra_,Социопат_мл,Леди ангел,Neji Hyuga,Vizer fon Ghoul,Йоши,Ога Тацуми,Silf,Trigun,Andara,Mikadzuki,Гаара,Konan,Freir,Firebug,ArtiGarPotr,Нагато Пейн,Учиха Хидате,герцогиня,Большой Брат,-Uchiha-Artem-,СОНЯ,Izaya Orihara,CM Punk,Канеки Учиха,Торуне,Deathstroke,Garadin,Pain,_ZeuS_,mazumuz,Минато Намикадзе,Младший Брат,треш,Гусь,Ledi,Сбежавший Учиха,Курама Якумо,Djons,Хичиго Широсаки,тихиЙ ужаС,Социопат,LoLka 80 lvl,Brave,Изуки Мидория,Тобирама Сенджу,Кимимаро,ШикамарУ,Г а а р а,Ogawa,zzStop,Последователь,~KiLLeR~,Пчёлка,Alukard,_Призрак_,Mirajane,Mrak,Scifsyyh,Флэш,Тендо Нагато,~TITAN~,TheJoker,-Sally-,Хрустальный Лис,Акасуна_но_Сасори,StanLee,TipS,Корвин,Учиха Обито
20200814,131870,102010,986320,861513,854384,811482,802011,697850,654192,618593,594104,571972,554599,526245,517710,497780,472009,446432,429847,425695,421697,387670,381143,379529,363950,360830,354064,340491,336095,334981,333531,327891,321966,320754,315168,312238,299620,280884,274763,263748,253528,249440,248518,243429,243202,241704,240797,237813,233458,229272,223481,223224,220767,214521,208275,205931,204289,199831,199041,198868,198148,196544,193808,193371,193273,182132,177956,176322,175749,174668,173483,167807,165786,163046,153308,149844,149723,147911,146130,144106,142481,139168,138361,135853,135751,135730,132825,132021,129559,125801,122600,122415,118598,117727,117591,117204,115829,113024,112718,111625
date,Джирайя,Майто Гай,Uchiha Madara,Shisui,Айзен,AloneInTheDark,Rosich,sensey,Юморист,YuRaN III,Мастер ИП,Нет,Сайдзо,Orochimaru,Rokyro Rau,Rock Lee,Хедин,РИДИК,Tayuya,-Tobi-,Kira,Kirishima Touka,KillerNick,misha10x10x,DeYsTrave,Акабане Карма,Конс,Sakata Gintoki,Вулкан,Fludo,_Indra_,Социопат_мл,Леди ангел,Neji Hyuga,Vizer fon Ghoul,Йоши,Ога Тацуми,Silf,Trigun,Andara,Mikadzuki,Гаара,Konan,Freir,Firebug,ArtiGarPotr,Нагато Пейн,Учиха Хидате,герцогиня,Большой Брат,-Uchiha-Artem-,СОНЯ,Izaya Orihara,CM Punk,Канеки Учиха,Торуне,Deathstroke,Garadin,Pain,_ZeuS_,mazumuz,Минато Намикадзе,Младший Брат,треш,Гусь,Ledi,Сбежавший Учиха,Курама Якумо,Djons,Хичиго Широсаки,тихиЙ ужаС,Социопат,LoLka 80 lvl,Brave,Изуки Мидория,Тобирама Сенджу,Кимимаро,ШикамарУ,Г а а р а,Ogawa,zzStop,Последователь,~KiLLeR~,Пчёлка,Alukard,_Призрак_,Mirajane,Mrak,Scifsyyh,Флэш,Тендо Нагато,~TITAN~,TheJoker,-Sally-,Хрустальный Лис,Акасуна_но_Сасори,StanLee,TipS,Корвин,Учиха Обито
20200815,131887,102050,986321,861969,854802,811729,802365,697970,654192,618593,594104,571972,554599,526245,517810,497780,472009,446432,429847,425695,421697,387670,381143,379529,363950,360830,354064,340491,336095,334981,333531,327891,321966,320754,315616,312238,299620,280884,274763,263748,253528,249440,248518,243429,243202,241704,240797,237813,233458,229613,223481,223224,220767,214521,208275,205931,204289,199831,199041,198868,198148,196544,193808,193371,193273,182132,177956,176322,176157,174668,173483,167807,165786,163046,153308,149844,149723,147911,146136,144106,142481,139168,138361,135853,135751,135730,132825,132021,129559,125801,122609,122415,118598,117727,117591,117204,115829,113024,112718,111625
date,Джирайя,Майто Гай,Uchiha Madara,Shisui,Айзен,AloneInTheDark,Rosich,sensey,Юморист,YuRaN III,Мастер ИП,Нет,Сайдзо,Orochimaru,Rokyro Rau,Rock Lee,Хедин,РИДИК,Tayuya,-Tobi-,Kira,Kirishima Touka,KillerNick,misha10x10x,DeYsTrave,Акабане Карма,Конс,Sakata Gintoki,Вулкан,Fludo,_Indra_,Социопат_мл,Леди ангел,Neji Hyuga,Vizer fon Ghoul,Йоши,Ога Тацуми,Silf,Trigun,Andara,Mikadzuki,Гаара,Konan,Freir,Firebug,ArtiGarPotr,Нагато Пейн,Учиха Хидате,герцогиня,Большой Брат,-Uchiha-Artem-,СОНЯ,Izaya Orihara,CM Punk,Канеки Учиха,Торуне,Deathstroke,Garadin,Pain,_ZeuS_,mazumuz,Минато Намикадзе,Младший Брат,треш,Гусь,Ledi,Сбежавший Учиха,Djons,Курама Якумо,Хичиго Широсаки,тихиЙ ужаС,Социопат,LoLka 80 lvl,Brave,Изуки Мидория,Тобирама Сенджу,Кимимаро,ШикамарУ,Г а а р а,Ogawa,zzStop,Последователь,~KiLLeR~,Пчёлка,Alukard,_Призрак_,Mirajane,Mrak,Scifsyyh,Флэш,Тендо Нагато,~TITAN~,TheJoker,-Sally-,Хрустальный Лис,Акасуна_но_Сасори,StanLee,TipS,Корвин,Учиха Обито
20200816,131887,102089,986781,862398,855213,812208,802757,698573,654192,618593,594104,571972,554599,526245,517993,497780,472031,446432,429847,425695,422008,387670,381143,379529,363950,360830,354066,340491,336095,334981,333531,327891,321966,320754,316085,312238,299620,280884,274763,263748,253528,249440,248518,243429,243202,241704,240797,237813,233458,229867,223481,223224,220767,214521,208275,205932,204289,199831,199041,198868,198148,196544,193808,193371,193273,182132,177956,176686,176322,174668,173483,167807,165786,163046,153308,149844,149723,147911,146143,144106,142481,139168,138361,135853,135751,135730,132825,132021,129559,125801,122615,122415,118598,117727,117591,117204,115829,113024,112718,111625
date,Джирайя,Майто Гай,Uchiha Madara,Shisui,Айзен,AloneInTheDark,Rosich,sensey,Юморист,YuRaN III,Мастер ИП,Нет,Сайдзо,Orochimaru,Rokyro Rau,Rock Lee,Хедин,РИДИК,Tayuya,-Tobi-,Kira,Kirishima Touka,KillerNick,misha10x10x,DeYsTrave,Акабане Карма,Конс,Sakata Gintoki,Вулкан,Fludo,_Indra_,Социопат_мл,Леди ангел,Neji Hyuga,Vizer fon Ghoul,Йоши,Ога Тацуми,Silf,Trigun,Andara,Mikadzuki,Гаара,Konan,Freir,Firebug,ArtiGarPotr,Нагато Пейн,Учиха Хидате,герцогиня,Большой Брат,-Uchiha-Artem-,СОНЯ,Izaya Orihara,CM Punk,Канеки Учиха,Торуне,Deathstroke,Garadin,Pain,_ZeuS_,mazumuz,Минато Намикадзе,Младший Брат,треш,Гусь,Ledi,Сбежавший Учиха,Djons,Курама Якумо,Хичиго Широсаки,тихиЙ ужаС,Социопат,LoLka 80 lvl,Brave,Изуки Мидория,Тобирама Сенджу,Кимимаро,ШикамарУ,Г а а р а,Ogawa,zzStop,Последователь,~KiLLeR~,Пчёлка,Alukard,_Призрак_,Mirajane,Mrak,Scifsyyh,Флэш,Тендо Нагато,~TITAN~,TheJoker,-Sally-,Хрустальный Лис,Акасуна_но_Сасори,StanLee,TipS,Корвин,Учиха Обито
20200817,131887,102129,986835,862812,856072,812573,803141,698874,654192,618593,594104,571972,554599,526245,518132,497780,472031,446432,429847,425695,422478,387670,381143,379529,363950,360830,354069,340491,336095,334981,333531,327891,321966,320754,316533,312238,299620,280884,274763,264518,253528,249440,248518,243429,243202,241704,240797,237813,233458,230217,223481,223224,220767,214521,208275,205934,204289,200125,199041,198868,198148,196544,193808,193371,193273,182132,177956,177016,176322,174668,173483,167807,165786,163046,153308,149844,149723,147911,146153,144106,142481,139168,138361,135853,135751,135730,132825,132021,129559,125801,122623,122415,118598,117727,117591,117204,115830,113024,112718,111625
date,Джирайя,Майто Гай,Uchiha Madara,Shisui,Айзен,AloneInTheDark,Rosich,sensey,Юморист,YuRaN III,Мастер ИП,Нет,Сайдзо,Orochimaru,Rokyro Rau,Rock Lee,Хедин,РИДИК,Tayuya,-Tobi-,Kira,Kirishima Touka,KillerNick,misha10x10x,DeYsTrave,Акабане Карма,Конс,Sakata Gintoki,Вулкан,Fludo,_Indra_,Социопат_мл,Леди ангел,Neji Hyuga,Vizer fon Ghoul,Йоши,Ога Тацуми,Silf,Trigun,Andara,Mikadzuki,Гаара,Konan,Freir,Firebug,ArtiGarPotr,Нагато Пейн,Учиха Хидате,герцогиня,Большой Брат,-Uchiha-Artem-,СОНЯ,Izaya Orihara,CM Punk,Канеки Учиха,Торуне,Deathstroke,Garadin,Pain,_ZeuS_,mazumuz,Минато Намикадзе,Младший Брат,треш,Гусь,Ledi,Сбежавший Учиха,Djons,Курама Якумо,Хичиго Широсаки,тихиЙ ужаС,Социопат,LoLka 80 lvl,Brave,Изуки Мидория,Тобирама Сенджу,Кимимаро,ШикамарУ,Г а а р а,Ogawa,zzStop,Последователь,~KiLLeR~,Пчёлка,Alukard,_Призрак_,Mirajane,Mrak,Scifsyyh,Флэш,Тендо Нагато,~TITAN~,TheJoker,-Sally-,Хрустальный Лис,Акасуна_но_Сасори,StanLee,TipS,Корвин,Учиха Обито
20200818,131936,102167,987333,863292,856576,812689,803540,699216,654192,618593,594104,571972,554599,526245,518161,497780,472031,446477,429847,425695,422945,387670,381143,379529,363950,360830,354089,340491,336095,334981,333531,327891,321966,320754,316582,312240,299620,280884,274763,264518,253528,249440,248518,243429,243202,241704,240797,237813,233458,230568,223481,223224,220767,214521,208275,205934,204289,200425,199041,198868,198148,196544,193808,193371,193273,182132,177956,177301,176322,174668,173483,167807,165786,163046,153308,149844,149723,147911,146153,144106,142481,139168,138361,135853,135751,135730,132825,132021,129559,125801,122623,122415,118598,117727,117591,117204,115830,113024,112718,111625
date,Джирайя,Майто Гай,Uchiha Madara,Shisui,Айзен,AloneInTheDark,Rosich,sensey,Юморист,YuRaN III,Мастер ИП,Нет,Сайдзо,Orochimaru,Rokyro Rau,Rock Lee,Хедин,РИДИК,Tayuya,-Tobi-,Kira,Kirishima Touka,KillerNick,misha10x10x,DeYsTrave,Акабане Карма,Конс,Sakata Gintoki,Вулкан,Fludo,_Indra_,Социопат_мл,Леди ангел,Neji Hyuga,Vizer fon Ghoul,Йоши,Ога Тацуми,Silf,Trigun,Andara,Mikadzuki,Гаара,Konan,Freir,Firebug,ArtiGarPotr,Нагато Пейн,Учиха Хидате,герцогиня,Большой Брат,-Uchiha-Artem-,СОНЯ,Izaya Orihara,CM Punk,Канеки Учиха,Торуне,Deathstroke,Garadin,Pain,_ZeuS_,mazumuz,Минато Намикадзе,Младший Брат,треш,Гусь,Ledi,Сбежавший Учиха,Djons,Курама Якумо,Хичиго Широсаки,тихиЙ ужаС,Социопат,LoLka 80 lvl,Brave,Изуки Мидория,Тобирама Сенджу,Кимимаро,ШикамарУ,Г а а р а,Ogawa,zzStop,Последователь,~KiLLeR~,Пчёлка,Alukard,_Призрак_,Mirajane,Mrak,Scifsyyh,Флэш,Тендо Нагато,~TITAN~,TheJoker,-Sally-,Хрустальный Лис,Акасуна_но_Сасори,StanLee,TipS,Корвин,Учиха Обито
20200819,131976,102206,987690,863697,857044,813051,803918,699368,654192,618593,594104,571972,554599,526245,518356,497780,472031,446479,429847,425695,423155,387670,381143,379529,363950,360830,354089,340491,336095,334981,333531,327891,321966,320754,316776,312647,299620,280884,274763,264518,253528,249440,248518,243429,243202,241704,240797,237813,233458,230886,223481,223224,220767,214521,208275,205934,204289,201125,199041,198868,198148,196544,193808,193371,193273,182132,177956,177637,176322,174668,173483,167807,165786,163046,153308,149844,149723,147911,146153,144106,142481,139168,138361,135853,135751,135730,132825,132021,129559,125801,122625,122415,118598,117727,117591,117204,115830,113024,112718,111625
date,Джирайя,Майто Гай,Uchiha Madara,Shisui,Айзен,AloneInTheDark,Rosich,sensey,Юморист,YuRaN III,Мастер ИП,Нет,Сайдзо,Orochimaru,Rokyro Rau,Rock Lee,Хедин,РИДИК,Tayuya,-Tobi-,Kira,Kirishima Touka,KillerNick,misha10x10x,DeYsTrave,Акабане Карма,Конс,Sakata Gintoki,Вулкан,Fludo,_Indra_,Социопат_мл,Леди ангел,Neji Hyuga,Vizer fon Ghoul,Йоши,Ога Тацуми,Silf,Trigun,Andara,Mikadzuki,Гаара,Konan,Freir,Firebug,ArtiGarPotr,Нагато Пейн,Учиха Хидате,герцогиня,Большой Брат,-Uchiha-Artem-,СОНЯ,Izaya Orihara,CM Punk,Канеки Учиха,Торуне,Deathstroke,Garadin,Pain,_ZeuS_,mazumuz,Минато Намикадзе,Младший Брат,треш,Гусь,Ledi,Сбежавший Учиха,Djons,Курама Якумо,Хичиго Широсаки,тихиЙ ужаС,Социопат,LoLka 80 lvl,Brave,Изуки Мидория,Тобирама Сенджу,Кимимаро,ШикамарУ,Г а а р а,Ogawa,zzStop,Последователь,~KiLLeR~,Пчёлка,Alukard,_Призрак_,Mirajane,Mrak,Scifsyyh,Флэш,Тендо Нагато,~TITAN~,TheJoker,-Sally-,Хрустальный Лис,Акасуна_но_Сасори,StanLee,TipS,Корвин,Учиха Обито
20200820,132024,102245,988004,864094,857537,813524,803918,700046,654192,618593,594104,571972,554599,526245,518421,497780,472031,446479,429847,425695,423643,387670,381143,379529,363950,360830,354089,340491,336095,334981,333531,327891,321966,320754,317024,313025,299620,280884,274763,264518,253528,249440,248518,243429,243202,241704,240797,237813,233458,231315,223481,223224,220767,214521,208275,206015,204289,201254,199041,198868,198148,196544,193808,193371,193273,182132,177956,177865,176322,174668,173483,167807,165786,163046,153308,149844,149723,147911,146153,144106,142481,139168,138361,135853,135751,135730,132825,132021,129559,125801,122628,122415,118598,117727,117591,117204,115830,113024,112718,111625
date,Джирайя,Майто Гай,Uchiha Madara,Shisui,Айзен,AloneInTheDark,Rosich,sensey,Юморист,YuRaN III,Мастер ИП,Нет,Сайдзо,Orochimaru,Rokyro Rau,Rock Lee,Хедин,РИДИК,Tayuya,-Tobi-,Kira,Kirishima Touka,KillerNick,misha10x10x,DeYsTrave,Акабане Карма,Конс,Sakata Gintoki,Вулкан,Fludo,_Indra_,Социопат_мл,Леди ангел,Neji Hyuga,Vizer fon Ghoul,Йоши,Ога Тацуми,Silf,Trigun,Andara,Mikadzuki,Гаара,Konan,Freir,Firebug,ArtiGarPotr,Нагато Пейн,Учиха Хидате,герцогиня,Большой Брат,-Uchiha-Artem-,СОНЯ,Izaya Orihara,CM Punk,Канеки Учиха,Торуне,Deathstroke,Garadin,Pain,_ZeuS_,mazumuz,Минато Намикадзе,Младший Брат,треш,Гусь,Ledi,Сбежавший Учиха,Djons,Курама Якумо,Хичиго Широсаки,тихиЙ ужаС,Социопат,LoLka 80 lvl,Brave,Изуки Мидория,Тобирама Сенджу,Кимимаро,ШикамарУ,Г а а р а,Ogawa,zzStop,Последователь,~KiLLeR~,Пчёлка,Alukard,_Призрак_,Mirajane,Mrak,Scifsyyh,Флэш,Тендо Нагато,~TITAN~,TheJoker,-Sally-,Хрустальный Лис,Акасуна_но_Сасори,StanLee,TipS,Корвин,Учиха Обито
20200821,132061,102284,988607,864542,857954,813893,803918,700386,654192,618593,594104,571972,554599,526245,518769,497780,472031,446483,429847,425695,423970,387670,381143,379529,363950,360830,354094,340491,336095,334981,333531,327891,321966,320754,317024,313406,299620,280884,274763,264518,253528,249440,248518,243429,243202,241704,240797,237813,233458,231780,223481,223224,220767,214521,208275,206016,204289,201254,199041,198868,198148,196544,193808,193371,193273,182132,177956,177865,176322,174668,173483,167807,165786,163046,153308,149844,149723,147911,146153,144106,142481,139168,138361,135853,135751,135730,132825,132021,129559,125801,122628,122415,118598,117727,117591,117204,115830,113024,112718,111625
date,Джирайя,Майто Гай,Uchiha Madara,Shisui,Айзен,AloneInTheDark,Rosich,sensey,Юморист,YuRaN III,Мастер ИП,Нет,Сайдзо,Orochimaru,Rokyro Rau,Rock Lee,Хедин,РИДИК,Tayuya,-Tobi-,Kira,Kirishima Touka,KillerNick,misha10x10x,DeYsTrave,Акабане Карма,Конс,Sakata Gintoki,Вулкан,Fludo,_Indra_,Социопат_мл,Леди ангел,Neji Hyuga,Vizer fon Ghoul,Йоши,Ога Тацуми,Silf,Trigun,Andara,Mikadzuki,Гаара,Konan,Freir,Firebug,ArtiGarPotr,Нагато Пейн,Учиха Хидате,герцогиня,Большой Брат,-Uchiha-Artem-,СОНЯ,Izaya Orihara,CM Punk,Канеки Учиха,Торуне,Deathstroke,Garadin,Pain,_ZeuS_,mazumuz,Минато Намикадзе,Младший Брат,треш,Гусь,Ledi,Djons,Сбежавший Учиха,Курама Якумо,Хичиго Широсаки,тихиЙ ужаС,Социопат,LoLka 80 lvl,Brave,Изуки Мидория,Тобирама Сенджу,Кимимаро,ШикамарУ,Г а а р а,Ogawa,zzStop,Последователь,~KiLLeR~,Пчёлка,Alukard,_Призрак_,Mirajane,Mrak,Scifsyyh,Флэш,Тендо Нагато,~TITAN~,TheJoker,-Sally-,Хрустальный Лис,Акасуна_но_Сасори,StanLee,TipS,Корвин,Учиха Обито
20200822,132111,102314,989000,864948,858388,814268,804321,700548,654192,618593,594104,571972,554599,526245,518823,497780,472031,446483,429847,425695,424532,387670,381143,379529,363950,360830,354094,340491,336095,334981,333531,327891,321966,320754,317440,313782,299620,280884,274763,264519,253528,249440,248518,243429,243202,241704,240797,237813,233458,231954,223481,223224,220767,214521,208275,206017,204289,201254,199041,198868,198148,196858,193808,193371,193273,182132,177997,177956,176322,174668,173483,167807,165786,163046,153308,149844,149723,147914,146155,144106,142481,139168,138361,135853,135751,135730,132825,132021,129559,125801,122629,122415,118598,117727,117591,117204,115830,113024,112718,111625
date,Джирайя,Майто Гай,Uchiha Madara,Shisui,Айзен,AloneInTheDark,Rosich,sensey,Юморист,YuRaN III,Мастер ИП,Нет,Сайдзо,Orochimaru,Rokyro Rau,Rock Lee,Хедин,РИДИК,Tayuya,-Tobi-,Kira,Kirishima Touka,KillerNick,misha10x10x,DeYsTrave,Акабане Карма,Конс,Sakata Gintoki,Вулкан,Fludo,_Indra_,Социопат_мл,Леди ангел,Neji Hyuga,Vizer fon Ghoul,Йоши,Ога Тацуми,Silf,Trigun,Andara,Mikadzuki,Гаара,Konan,Freir,Firebug,ArtiGarPotr,Нагато Пейн,Учиха Хидате,герцогиня,Большой Брат,-Uchiha-Artem-,СОНЯ,Izaya Orihara,CM Punk,Канеки Учиха,Торуне,Deathstroke,Garadin,Pain,_ZeuS_,Минато Намикадзе,mazumuz,Младший Брат,треш,Гусь,Ledi,Djons,Сбежавший Учиха,Курама Якумо,Хичиго Широсаки,тихиЙ ужаС,Социопат,LoLka 80 lvl,Brave,Изуки Мидория,Тобирама Сенджу,Кимимаро,ШикамарУ,Г а а р а,Ogawa,zzStop,Последователь,~KiLLeR~,Пчёлка,Alukard,_Призрак_,Mirajane,Mrak,Scifsyyh,Флэш,Тендо Нагато,~TITAN~,TheJoker,-Sally-,Хрустальный Лис,Акасуна_но_Сасори,StanLee,TipS,Корвин,Учиха Обито
20200823,132111,102314,989389,865267,858962,814653,804709,701112,654192,618593,594104,571972,554599,526245,519020,497780,472031,446483,429847,425695,424720,387670,381143,379529,363950,360830,354094,340491,336095,334981,333531,327891,321966,320754,317906,314040,299620,280884,274763,264519,253528,249440,248518,243429,243202,241704,240797,237813,233458,232484,223481,223224,220767,214521,208275,206017,204289,201254,199041,198868,198589,198148,193808,193371,193273,182132,178515,177956,176322,174668,173483,167807,165786,163046,153308,149844,149723,147914,146155,144106,142481,139168,138361,135853,135751,135730,132825,132021,129559,125801,122629,122415,118598,117727,117591,117204,115830,113024,112718,111625
date,Джирайя,Майто Гай,Uchiha Madara,Shisui,Айзен,AloneInTheDark,Rosich,sensey,Юморист,YuRaN III,Мастер ИП,Нет,Сайдзо,Orochimaru,Rokyro Rau,Rock Lee,Хедин,РИДИК,Tayuya,-Tobi-,Kira,Kirishima Touka,KillerNick,misha10x10x,DeYsTrave,Акабане Карма,Конс,Sakata Gintoki,Вулкан,Fludo,_Indra_,Социопат_мл,Леди ангел,Neji Hyuga,Vizer fon Ghoul,Йоши,Ога Тацуми,Silf,Trigun,Andara,Mikadzuki,Гаара,Konan,Freir,Firebug,ArtiGarPotr,Нагато Пейн,Учиха Хидате,герцогиня,Большой Брат,-Uchiha-Artem-,СОНЯ,Izaya Orihara,CM Punk,Канеки Учиха,Торуне,Deathstroke,Garadin,Минато Намикадзе,Pain,_ZeuS_,mazumuz,Младший Брат,треш,Гусь,Ledi,Djons,Сбежавший Учиха,Курама Якумо,Хичиго Широсаки,тихиЙ ужаС,Социопат,LoLka 80 lvl,Brave,Изуки Мидория,Тобирама Сенджу,Кимимаро,ШикамарУ,Г а а р а,Ogawa,zzStop,Последователь,~KiLLeR~,Пчёлка,Alukard,_Призрак_,Mirajane,Mrak,Scifsyyh,Флэш,Тендо Нагато,~TITAN~,TheJoker,-Sally-,Хрустальный Лис,Акасуна_но_Сасори,StanLee,TipS,Корвин,Учиха Обито
20200824,132111,102314,989841,865761,859133,815016,804709,701382,654192,618593,594104,571972,554599,526245,519659,497780,472031,446483,429847,425695,425247,387670,381143,379529,363950,360830,354117,340491,336095,334981,333531,327891,321966,320754,318144,314446,299620,280884,274763,264525,253528,249440,248518,243429,243202,241704,240797,237813,233458,232766,223481,223224,220767,214521,208275,206019,204289,201254,199155,199041,198868,198148,193808,193371,193273,182132,178916,177956,176322,174668,173483,167807,165786,163046,153308,149844,149723,147914,146159,144106,142481,139168,138361,135853,135751,135730,132825,132021,129559,125801,122631,122415,118598,117727,117591,117204,115831,113024,112718,111625
date,Джирайя,Майто Гай,Uchiha Madara,Shisui,Айзен,AloneInTheDark,Rosich,sensey,Юморист,YuRaN III,Мастер ИП,Нет,Сайдзо,Orochimaru,Rokyro Rau,Rock Lee,Хедин,РИДИК,Tayuya,Kira,-Tobi-,Kirishima Touka,KillerNick,misha10x10x,DeYsTrave,Акабане Карма,Конс,Sakata Gintoki,Вулкан,Fludo,_Indra_,Социопат_мл,Леди ангел,Neji Hyuga,Vizer fon Ghoul,Йоши,Ога Тацуми,Silf,Trigun,Andara,Mikadzuki,Гаара,Konan,Freir,Firebug,ArtiGarPotr,Нагато Пейн,Учиха Хидате,герцогиня,Большой Брат,-Uchiha-Artem-,СОНЯ,Izaya Orihara,CM Punk,Канеки Учиха,Торуне,Deathstroke,Garadin,Минато Намикадзе,Pain,_ZeuS_,mazumuz,Младший Брат,треш,Гусь,Ledi,Djons,Сбежавший Учиха,Курама Якумо,Хичиго Широсаки,тихиЙ ужаС,Социопат,LoLka 80 lvl,Brave,Изуки Мидория,Тобирама Сенджу,Кимимаро,ШикамарУ,Г а а р а,Ogawa,zzStop,Последователь,~KiLLeR~,Пчёлка,Alukard,_Призрак_,Mirajane,Mrak,Scifsyyh,Флэш,Тендо Нагато,~TITAN~,TheJoker,-Sally-,Хрустальный Лис,Акасуна_но_Сасори,StanLee,TipS,Корвин,Учиха Обито
20200825,132111,102373,990201,866179,859553,815299,805121,701850,654192,618593,594104,571972,554599,526245,519718,497780,472031,446493,429847,425820,425695,387670,381143,379529,363950,360830,354670,340491,336095,334981,333531,327891,321966,320754,318148,314648,299620,280884,274763,264526,253528,249440,248518,243429,243202,241704,240797,237813,233458,233044,223481,223224,220767,214521,208275,206019,204289,201254,199257,199041,198868,198148,193808,193371,193273,182132,179251,177956,176322,174668,173483,167807,165786,163046,153308,149844,149723,147914,146174,144106,142481,139168,138361,135853,135751,135730,132825,132021,129559,125801,122635,122415,118598,117727,117591,117204,116202,113024,112718,111625
date,Джирайя,Майто Гай,Uchiha Madara,Shisui,Айзен,AloneInTheDark,Rosich,sensey,Юморист,YuRaN III,Мастер ИП,Нет,Сайдзо,Orochimaru,Rokyro Rau,Rock Lee,Хедин,РИДИК,Tayuya,Kira,-Tobi-,Kirishima Touka,KillerNick,misha10x10x,DeYsTrave,Акабане Карма,Конс,Sakata Gintoki,Вулкан,Fludo,_Indra_,Социопат_мл,Леди ангел,Neji Hyuga,Vizer fon Ghoul,Йоши,Ога Тацуми,Silf,Trigun,Andara,Mikadzuki,Гаара,Konan,Freir,Firebug,ArtiGarPotr,Нагато Пейн,Учиха Хидате,Большой Брат,герцогиня,-Uchiha-Artem-,СОНЯ,Izaya Orihara,CM Punk,Канеки Учиха,Торуне,Deathstroke,Garadin,Минато Намикадзе,Pain,_ZeuS_,mazumuz,Младший Брат,треш,Гусь,Ledi,Djons,Сбежавший Учиха,Курама Якумо,Хичиго Широсаки,тихиЙ ужаС,Социопат,LoLka 80 lvl,Brave,Изуки Мидория,Тобирама Сенджу,Кимимаро,ШикамарУ,Г а а р а,Ogawa,zzStop,Последователь,~KiLLeR~,Пчёлка,Alukard,_Призрак_,Mirajane,Mrak,Scifsyyh,Флэш,Тендо Нагато,~TITAN~,TheJoker,-Sally-,Хрустальный Лис,Акасуна_но_Сасори,StanLee,TipS,Корвин,Учиха Обито
20200826,132111,102413,990695,866552,860760,815761,805121,702198,654192,618593,594104,571972,554599,526245,519856,497780,472031,446530,429847,425820,425695,387670,381143,379529,363950,360830,355017,340491,336095,334981,333531,327891,321966,320754,318617,314648,299620,280884,274763,264526,253528,249440,248518,243429,243202,241704,240797,237813,233540,233458,223481,223224,220767,214521,208275,206021,204289,201254,199257,199041,198868,198148,193808,193371,193273,182132,179529,177956,176322,174668,173483,167807,165786,163046,153308,149844,149723,147914,146185,144106,142481,139168,138361,135853,135751,135730,132825,132021,129559,125801,122642,122415,118598,117727,117591,117204,116514,113024,112718,111625
date,Джирайя,Майто Гай,Uchiha Madara,Shisui,Айзен,AloneInTheDark,Rosich,sensey,Юморист,YuRaN III,Мастер ИП,Нет,Сайдзо,Orochimaru,Rokyro Rau,Rock Lee,Хедин,РИДИК,Tayuya,Kira,-Tobi-,Kirishima Touka,KillerNick,misha10x10x,DeYsTrave,Акабане Карма,Конс,Sakata Gintoki,Вулкан,Fludo,_Indra_,Социопат_мл,Леди ангел,Neji Hyuga,Vizer fon Ghoul,Йоши,Ога Тацуми,Silf,Trigun,Andara,Mikadzuki,Гаара,Konan,Freir,Firebug,ArtiGarPotr,Нагато Пейн,Учиха Хидате,Большой Брат,герцогиня,-Uchiha-Artem-,СОНЯ,Izaya Orihara,CM Punk,Канеки Учиха,Торуне,Deathstroke,Garadin,Минато Намикадзе,Pain,_ZeuS_,mazumuz,Младший Брат,треш,Гусь,Ledi,Djons,Сбежавший Учиха,Курама Якумо,Хичиго Широсаки,тихиЙ ужаС,Социопат,LoLka 80 lvl,Brave,Изуки Мидория,Тобирама Сенджу,Кимимаро,ШикамарУ,Г а а р а,Ogawa,zzStop,Последователь,~KiLLeR~,Пчёлка,Alukard,_Призрак_,Mirajane,Mrak,Scifsyyh,Флэш,Тендо Нагато,~TITAN~,TheJoker,-Sally-,Хрустальный Лис,Акасуна_но_Сасори,StanLee,TipS,Корвин,Учиха Обито
20200827,132148,102451,990990,866945,861323,816129,805707,702543,654192,618593,594104,571972,554599,526245,519941,497780,472031,446538,429847,425820,425695,387670,381143,379529,363950,360830,355394,340491,336095,334981,333531,327891,321966,320754,318965,314648,299620,280884,274763,264526,253528,249440,248518,243429,243202,241704,240797,237813,233892,233458,223481,223224,220767,214521,208275,206108,204289,201254,199257,199041,198868,198148,193808,193371,193273,182132,179764,177956,176322,174668,173483,167807,165786,163046,153308,149844,149723,147914,146192,144106,142481,139168,138361,135853,135751,135730,132825,132021,129559,125801,122646,122415,118598,117727,117591,117204,116782,113024,112718,111625
date,Джирайя,Майто Гай,Uchiha Madara,Shisui,Айзен,AloneInTheDark,Rosich,sensey,Юморист,YuRaN III,Мастер ИП,Нет,Сайдзо,Orochimaru,Rokyro Rau,Rock Lee,Хедин,РИДИК,Tayuya,Kira,-Tobi-,Kirishima Touka,KillerNick,misha10x10x,DeYsTrave,Акабане Карма,Конс,Sakata Gintoki,Вулкан,Fludo,_Indra_,Социопат_мл,Леди ангел,Neji Hyuga,Vizer fon Ghoul,Йоши,Ога Тацуми,Silf,Trigun,Andara,Mikadzuki,Гаара,Konan,Freir,Firebug,ArtiGarPotr,Нагато Пейн,Учиха Хидате,Большой Брат,герцогиня,-Uchiha-Artem-,СОНЯ,Izaya Orihara,CM Punk,Канеки Учиха,Торуне,Deathstroke,Garadin,Минато Намикадзе,Pain,_ZeuS_,mazumuz,Младший Брат,треш,Гусь,Ledi,Djons,Сбежавший Учиха,Курама Якумо,Хичиго Широсаки,тихиЙ ужаС,Социопат,LoLka 80 lvl,Brave,Изуки Мидория,Тобирама Сенджу,Кимимаро,ШикамарУ,Г а а р а,Ogawa,zzStop,Последователь,~KiLLeR~,Пчёлка,Alukard,_Призрак_,Mirajane,Mrak,Scifsyyh,Флэш,Тендо Нагато,~TITAN~,TheJoker,-Sally-,Хрустальный Лис,Акасуна_но_Сасори,StanLee,TipS,Корвин,Учиха Обито
20200828,132153,102490,991367,867321,861687,816522,805780,702898,654192,618593,594104,571972,554599,526245,520523,497780,472031,446541,429847,425820,425695,387670,381143,379529,363950,360830,355857,340491,336095,334981,333531,327891,321966,320754,319199,314648,299620,280884,274763,264526,253528,249440,248518,243429,243202,241704,240797,237813,234219,233506,223481,223224,220767,214521,208275,206148,204289,201254,199257,199041,198868,198148,193808,193371,193273,182132,179895,177956,176322,174668,173483,167807,165786,163046,153308,149844,149723,147914,146199,144106,142481,139168,138361,135853,135751,135730,132825,132021,129559,125801,122655,122415,118598,117727,117591,117204,117168,113024,112718,111625
date,Джирайя,Майто Гай,Uchiha Madara,Shisui,Айзен,AloneInTheDark,Rosich,sensey,Юморист,YuRaN III,Мастер ИП,Нет,Сайдзо,Orochimaru,Rokyro Rau,Rock Lee,Хедин,РИДИК,Tayuya,Kira,-Tobi-,Kirishima Touka,KillerNick,misha10x10x,DeYsTrave,Акабане Карма,Конс,Sakata Gintoki,Вулкан,Fludo,_Indra_,Социопат_мл,Леди ангел,Neji Hyuga,Vizer fon Ghoul,Йоши,Ога Тацуми,Silf,Trigun,Andara,Mikadzuki,Гаара,Konan,Freir,Firebug,ArtiGarPotr,Нагато Пейн,Учиха Хидате,Большой Брат,герцогиня,-Uchiha-Artem-,СОНЯ,Izaya Orihara,CM Punk,Канеки Учиха,Торуне,Deathstroke,Garadin,Минато Намикадзе,Pain,_ZeuS_,mazumuz,Младший Брат,треш,Гусь,Ledi,Djons,Сбежавший Учиха,Курама Якумо,Хичиго Широсаки,тихиЙ ужаС,Социопат,LoLka 80 lvl,Brave,Изуки Мидория,Тобирама Сенджу,Кимимаро,ШикамарУ,Г а а р а,Ogawa,zzStop,Последователь,~KiLLeR~,Пчёлка,Alukard,_Призрак_,Mirajane,Mrak,Scifsyyh,Флэш,Тендо Нагато,~TITAN~,TheJoker,-Sally-,Хрустальный Лис,StanLee,Акасуна_но_Сасори,TipS,Корвин,Учиха Обито
20200829,132208,102529,991825,867701,862386,816894,805780,703283,654192,618593,594104,571972,554599,526245,520862,497780,472031,446542,429847,425820,425695,387670,381143,379529,363950,360830,356091,340491,336095,334981,333531,327891,321966,320754,319673,314648,299620,280884,274763,264529,253528,249440,248518,243429,243202,241704,240797,237813,234459,233506,223481,223224,220767,214521,208275,206188,204289,201254,199257,199041,198868,198148,193808,193371,193273,182132,180065,177956,176322,174668,173483,167807,165786,163046,153308,149844,149723,147914,146210,144106,142481,139168,138361,135853,135751,135730,132825,132021,129559,125801,122662,122415,118598,117727,117591,117461,117204,113024,112718,111625
date,Джирайя,Майто Гай,Uchiha Madara,Shisui,Айзен,AloneInTheDark,Rosich,sensey,Юморист,YuRaN III,Мастер ИП,Нет,Сайдзо,Orochimaru,Rokyro Rau,Rock Lee,Хедин,РИДИК,Tayuya,Kira,-Tobi-,Kirishima Touka,KillerNick,misha10x10x,DeYsTrave,Акабане Карма,Конс,Sakata Gintoki,Вулкан,Fludo,_Indra_,Социопат_мл,Леди ангел,Neji Hyuga,Vizer fon Ghoul,Йоши,Ога Тацуми,Silf,Trigun,Andara,Mikadzuki,Гаара,Konan,Freir,Firebug,ArtiGarPotr,Нагато Пейн,Учиха Хидате,Большой Брат,герцогиня,-Uchiha-Artem-,СОНЯ,Izaya Orihara,CM Punk,Канеки Учиха,Торуне,Deathstroke,Garadin,Минато Намикадзе,Pain,_ZeuS_,mazumuz,Младший Брат,треш,Гусь,Ledi,Djons,Сбежавший Учиха,Курама Якумо,Хичиго Широсаки,тихиЙ ужаС,Социопат,LoLka 80 lvl,Brave,Изуки Мидория,Тобирама Сенджу,Кимимаро,ШикамарУ,Г а а р а,Ogawa,zzStop,Последователь,~KiLLeR~,Пчёлка,Alukard,_Призрак_,Mirajane,Mrak,Scifsyyh,Флэш,Тендо Нагато,~TITAN~,TheJoker,StanLee,-Sally-,Хрустальный Лис,Акасуна_но_Сасори,TipS,Корвин,Учиха Обито
20200830,132208,102568,992409,868104,862612,817245,805780,703453,654192,618593,594104,571972,554599,526245,521435,497780,472031,446542,429847,425820,425695,387670,381143,379529,363950,360830,356466,340491,336095,334981,333531,327891,321966,320754,319883,314649,299620,280884,274763,264529,253528,249440,248518,243429,243202,241704,240797,237813,234774,233567,223481,223224,220767,214521,208275,206228,204289,201254,199257,199041,198868,198148,193815,193371,193273,182132,180304,177956,176322,174668,173483,167807,165786,163046,153308,149844,149723,147914,146220,144106,142481,139168,138361,135853,135751,135730,132825,132021,129559,125801,122667,122415,118598,117808,117727,117591,117204,113024,112718,111625
date,Джирайя,Майто Гай,Uchiha Madara,Shisui,Айзен,AloneInTheDark,Rosich,sensey,Юморист,YuRaN III,Мастер ИП,Нет,Сайдзо,Orochimaru,Rokyro Rau,Rock Lee,Хедин,РИДИК,Tayuya,Kira,-Tobi-,Kirishima Touka,KillerNick,misha10x10x,DeYsTrave,Акабане Карма,Конс,Sakata Gintoki,Вулкан,Fludo,_Indra_,Социопат_мл,Леди ангел,Neji Hyuga,Vizer fon Ghoul,Йоши,Ога Тацуми,Silf,Trigun,Andara,Mikadzuki,Гаара,Konan,Freir,Firebug,ArtiGarPotr,Нагато Пейн,Учиха Хидате,Большой Брат,герцогиня,-Uchiha-Artem-,СОНЯ,Izaya Orihara,CM Punk,Канеки Учиха,Торуне,Deathstroke,Garadin,Минато Намикадзе,Pain,_ZeuS_,mazumuz,Младший Брат,треш,Гусь,Ledi,Djons,Сбежавший Учиха,Курама Якумо,Хичиго Широсаки,тихиЙ ужаС,Социопат,LoLka 80 lvl,Brave,Изуки Мидория,Тобирама Сенджу,Кимимаро,ШикамарУ,Г а а р а,Ogawa,zzStop,Последователь,~KiLLeR~,Пчёлка,Alukard,_Призрак_,Mirajane,Mrak,Scifsyyh,Флэш,Тендо Нагато,~TITAN~,TheJoker,StanLee,-Sally-,Хрустальный Лис,Акасуна_но_Сасори,TipS,Корвин,Учиха Обито
20200831,132208,102608,992564,868478,863142,817496,806194,703904,654192,618593,594104,571972,554599,526245,521714,497780,472031,446542,429847,425820,425695,387670,381147,379529,363950,360830,356989,340491,336095,334981,333531,327891,321966,320754,320368,314649,299620,280884,274763,264529,253528,249440,248518,243429,243202,241704,240797,237813,235295,233780,223481,223224,221049,214521,208275,206268,204289,201254,199257,199041,198868,198148,193815,193371,193273,182132,180304,177956,176322,174668,173483,167807,165786,163046,153308,149844,149723,147914,146228,144106,142481,139168,138361,135853,135751,135730,132825,132021,129559,125801,122672,122415,118598,118276,117727,117591,117204,113024,112718,111625
date,Джирайя,Майто Гай,Uchiha Madara,Shisui,Айзен,AloneInTheDark,Rosich,sensey,Юморист,YuRaN III,Мастер ИП,Нет,Сайдзо,Orochimaru,Rokyro Rau,Rock Lee,Хедин,РИДИК,Tayuya,Kira,-Tobi-,Kirishima Touka,KillerNick,misha10x10x,DeYsTrave,Акабане Карма,Конс,Sakata Gintoki,Вулкан,Fludo,_Indra_,Социопат_мл,Леди ангел,Neji Hyuga,Vizer fon Ghoul,Йоши,Ога Тацуми,Silf,Trigun,Andara,Mikadzuki,Гаара,Konan,Freir,Firebug,ArtiGarPotr,Нагато Пейн,Учиха Хидате,Большой Брат,герцогиня,-Uchiha-Artem-,СОНЯ,Izaya Orihara,CM Punk,Канеки Учиха,Торуне,Deathstroke,Garadin,Минато Намикадзе,Pain,_ZeuS_,mazumuz,Младший Брат,треш,Гусь,Ledi,Djons,Сбежавший Учиха,Курама Якумо,Хичиго Широсаки,тихиЙ ужаС,Социопат,LoLka 80 lvl,Brave,Изуки Мидория,Тобирама Сенджу,Кимимаро,ШикамарУ,Г а а р а,Ogawa,zzStop,Последователь,~KiLLeR~,Пчёлка,Alukard,_Призрак_,Mirajane,Mrak,Scifsyyh,Флэш,Тендо Нагато,~TITAN~,StanLee,TheJoker,-Sally-,Хрустальный Лис,Акасуна_но_Сасори,TipS,Корвин,Учиха Обито
20200901,132263,102647,993022,868784,863733,818059,806577,704362,654192,618593,594104,571972,554599,526245,521720,497780,472031,446542,429847,425820,425695,387670,381147,379529,363950,360830,357421,340491,336095,334981,333531,327891,321966,320754,320738,314649,299620,280884,274763,264529,253528,249440,248518,243429,243202,241704,240797,237813,235523,233977,223481,223224,221049,214521,208275,206268,204289,201254,199257,199041,198868,198148,193815,193371,193273,182132,180396,177956,176322,174668,173483,167807,165786,163046,153308,149844,149723,147914,146234,144106,142481,139168,138361,135853,135751,135730,132825,132021,129559,125801,122675,122415,118725,118598,117727,117591,117204,113024,112718,111625
date,Джирайя,Майто Гай,Uchiha Madara,Shisui,Айзен,AloneInTheDark,Rosich,sensey,Юморист,YuRaN III,Мастер ИП,Нет,Сайдзо,Orochimaru,Rokyro Rau,Rock Lee,Хедин,РИДИК,Tayuya,Kira,-Tobi-,Kirishima Touka,KillerNick,misha10x10x,DeYsTrave,Акабане Карма,Конс,Sakata Gintoki,Вулкан,Fludo,_Indra_,Социопат_мл,Леди ангел,Vizer fon Ghoul,Neji Hyuga,Йоши,Ога Тацуми,Silf,Trigun,Andara,Mikadzuki,Гаара,Konan,Freir,Firebug,ArtiGarPotr,Нагато Пейн,Учиха Хидате,Большой Брат,герцогиня,-Uchiha-Artem-,СОНЯ,Izaya Orihara,CM Punk,Канеки Учиха,Торуне,Deathstroke,Garadin,Минато Намикадзе,Pain,_ZeuS_,mazumuz,Младший Брат,треш,Гусь,Ledi,Djons,Сбежавший Учиха,Курама Якумо,Хичиго Широсаки,тихиЙ ужаС,Социопат,LoLka 80 lvl,Brave,Изуки Мидория,Тобирама Сенджу,Кимимаро,ШикамарУ,Г а а р а,Ogawa,zzStop,Последователь,~KiLLeR~,Пчёлка,Alukard,_Призрак_,Mirajane,Mrak,Scifsyyh,Флэш,Тендо Нагато,~TITAN~,StanLee,TheJoker,-Sally-,Хрустальный Лис,Акасуна_но_Сасори,TipS,Корвин,Учиха Обито
20200902,132309,102686,993558,869271,864070,818398,806993,704703,654192,618593,594104,571972,554599,526245,522226,497780,472031,446542,429847,425820,425695,387670,381147,379529,363950,360830,357584,340491,336095,334981,333531,327891,321966,321050,320754,314649,299620,280884,274763,264529,253528,249440,248518,243429,243202,241704,240797,237813,235874,234025,223481,223224,221049,214521,208275,206268,204289,201254,199257,199041,198868,198148,193815,193371,193273,182132,180570,177956,176322,174668,173483,167807,165786,163046,153308,149844,149723,147914,146235,144106,142481,139168,138361,135853,135751,135730,132825,132021,129559,125801,122675,122415,118848,118598,117727,117591,117204,113024,112718,111625
date,Джирайя,Майто Гай,Uchiha Madara,Shisui,Айзен,AloneInTheDark,Rosich,sensey,Юморист,YuRaN III,Мастер ИП,Нет,Сайдзо,Orochimaru,Rokyro Rau,Rock Lee,Хедин,РИДИК,Tayuya,Kira,-Tobi-,Kirishima Touka,KillerNick,misha10x10x,DeYsTrave,Акабане Карма,Конс,Sakata Gintoki,Вулкан,Fludo,_Indra_,Социопат_мл,Леди ангел,Vizer fon Ghoul,Neji Hyuga,Йоши,Ога Тацуми,Silf,Trigun,Andara,Mikadzuki,Гаара,Konan,Freir,Firebug,ArtiGarPotr,Нагато Пейн,Учиха Хидате,Большой Брат,герцогиня,-Uchiha-Artem-,СОНЯ,Izaya Orihara,CM Punk,Канеки Учиха,Торуне,Deathstroke,Garadin,Минато Намикадзе,Pain,_ZeuS_,mazumuz,Младший Брат,треш,Гусь,Ledi,Djons,Сбежавший Учиха,Курама Якумо,Хичиго Широсаки,тихиЙ ужаС,Социопат,LoLka 80 lvl,Brave,Изуки Мидория,Тобирама Сенджу,Кимимаро,ШикамарУ,Г а а р а,Ogawa,zzStop,Последователь,~KiLLeR~,Пчёлка,Alukard,_Призрак_,Mirajane,Mrak,Scifsyyh,Флэш,Тендо Нагато,~TITAN~,StanLee,TheJoker,-Sally-,Хрустальный Лис,Акасуна_но_Сасори,TipS,Корвин,Учиха Обито
20200903,132353,102724,993832,869678,864771,818778,807349,705056,654192,618593,594104,571972,554599,526245,522325,497780,472031,446542,429847,426366,425695,387867,381147,379529,363950,360830,358102,340491,336095,334981,333531,327891,321966,321251,320754,314649,299620,280884,274763,264529,253528,249440,248518,243429,243202,241704,240797,237813,236185,234115,223481,223224,221433,214521,208275,206268,204289,201254,199257,199041,198868,198148,193815,193371,193273,182132,181009,177956,176322,174668,173483,167807,165786,163046,153308,149844,149723,147914,146235,144106,142481,139168,138361,135853,135751,135730,132825,132021,129559,125801,122675,122415,119339,118598,117727,117591,117204,113024,112718,111625
date,Джирайя,Майто Гай,Uchiha Madara,Shisui,Айзен,AloneInTheDark,Rosich,sensey,Юморист,YuRaN III,Мастер ИП,Нет,Сайдзо,Orochimaru,Rokyro Rau,Rock Lee,Хедин,РИДИК,Tayuya,Kira,-Tobi-,Kirishima Touka,KillerNick,misha10x10x,DeYsTrave,Акабане Карма,Конс,Sakata Gintoki,Вулкан,Fludo,_Indra_,Социопат_мл,Леди ангел,Vizer fon Ghoul,Neji Hyuga,Йоши,Ога Тацуми,Silf,Trigun,Andara,Mikadzuki,Гаара,Konan,Freir,Firebug,ArtiGarPotr,Нагато Пейн,Учиха Хидате,Большой Брат,герцогиня,-Uchiha-Artem-,СОНЯ,Izaya Orihara,CM Punk,Канеки Учиха,Торуне,Deathstroke,Garadin,Минато Намикадзе,Pain,_ZeuS_,mazumuz,Младший Брат,треш,Гусь,Ledi,Djons,Сбежавший Учиха,Курама Якумо,Хичиго Широсаки,тихиЙ ужаС,Социопат,LoLka 80 lvl,Brave,Изуки Мидория,Тобирама Сенджу,Кимимаро,ШикамарУ,Г а а р а,Ogawa,zzStop,Последователь,~KiLLeR~,Пчёлка,Alukard,_Призрак_,Mirajane,Mrak,Scifsyyh,Флэш,Тендо Нагато,~TITAN~,StanLee,TheJoker,-Sally-,Хрустальный Лис,Акасуна_но_Сасори,TipS,Корвин,Учиха Обито
20200904,132390,102762,994165,870074,865404,819156,807697,705303,654192,618593,594104,571972,554599,526245,522683,497780,472031,446542,429847,426688,425695,388207,381147,379529,363950,360830,358456,340491,336095,334981,333531,327891,321966,321844,320754,314649,299620,280884,274763,264529,253528,249440,248518,243429,243202,241704,240797,237813,236308,234172,223481,223224,221532,214521,208275,206269,204289,201254,199257,199041,198868,198148,193815,193371,193273,182132,181395,177956,176322,174668,173483,167807,165786,163046,153308,149844,149723,147914,146236,144106,142481,139169,138361,135853,135751,135730,132825,132021,129559,125801,122676,122415,119508,118598,117727,117591,117204,113024,112718,111625
date,Джирайя,Майто Гай,Uchiha Madara,Shisui,Айзен,AloneInTheDark,Rosich,sensey,Юморист,YuRaN III,Мастер ИП,Нет,Сайдзо,Orochimaru,Rokyro Rau,Rock Lee,Хедин,РИДИК,Tayuya,Kira,-Tobi-,Kirishima Touka,KillerNick,misha10x10x,DeYsTrave,Акабане Карма,Конс,Sakata Gintoki,Вулкан,Fludo,_Indra_,Социопат_мл,Vizer fon Ghoul,Леди ангел,Neji Hyuga,Йоши,Ога Тацуми,Silf,Trigun,Andara,Mikadzuki,Гаара,Konan,Freir,Firebug,ArtiGarPotr,Нагато Пейн,Учиха Хидате,Большой Брат,герцогиня,-Uchiha-Artem-,СОНЯ,Izaya Orihara,CM Punk,Канеки Учиха,Торуне,Deathstroke,Garadin,Минато Намикадзе,Pain,_ZeuS_,mazumuz,Младший Брат,треш,Гусь,Ledi,Djons,Сбежавший Учиха,Курама Якумо,Хичиго Широсаки,тихиЙ ужаС,Социопат,LoLka 80 lvl,Brave,Изуки Мидория,Тобирама Сенджу,Кимимаро,ШикамарУ,Г а а р а,Ogawa,zzStop,Последователь,~KiLLeR~,Пчёлка,Alukard,_Призрак_,Mirajane,Mrak,Scifsyyh,Флэш,Тендо Нагато,~TITAN~,StanLee,TheJoker,-Sally-,Хрустальный Лис,Акасуна_но_Сасори,TipS,Корвин,Учиха Обито
20200905,132442,102801,994312,870423,865656,819351,807697,705529,654192,618593,594104,571972,554599,526245,522864,497780,472031,446543,429847,427176,425695,388587,381147,379529,363950,360830,358754,340491,336095,334981,333531,327891,321982,321966,320754,314649,299620,280884,274763,264529,253528,249440,248518,243429,243202,241704,240797,237813,236425,234364,223481,223224,221612,214521,208275,206269,204289,201254,199257,199041,198868,198148,193815,193371,193273,182132,181729,177956,176322,174668,173483,167807,165786,163046,153308,149844,149723,147914,146236,144106,142481,139169,138361,135853,135751,135730,132825,132021,129559,125801,122676,122415,120112,118598,117727,117591,117204,113024,112718,111625
date,Джирайя,Майто Гай,Uchiha Madara,Shisui,Айзен,AloneInTheDark,Rosich,sensey,Юморист,YuRaN III,Мастер ИП,Нет,Сайдзо,Orochimaru,Rokyro Rau,Rock Lee,Хедин,РИДИК,Tayuya,Kira,-Tobi-,Kirishima Touka,KillerNick,misha10x10x,DeYsTrave,Акабане Карма,Конс,Sakata Gintoki,Вулкан,Fludo,_Indra_,Социопат_мл,Vizer fon Ghoul,Леди ангел,Neji Hyuga,Йоши,Ога Тацуми,Silf,Trigun,Andara,Mikadzuki,Гаара,Konan,Freir,Firebug,ArtiGarPotr,Нагато Пейн,Учиха Хидате,Большой Брат,герцогиня,-Uchiha-Artem-,СОНЯ,Izaya Orihara,CM Punk,Канеки Учиха,Торуне,Deathstroke,Garadin,Минато Намикадзе,Pain,_ZeuS_,mazumuz,Младший Брат,треш,Гусь,Djons,Ledi,Сбежавший Учиха,Курама Якумо,Хичиго Широсаки,тихиЙ ужаС,Социопат,LoLka 80 lvl,Brave,Изуки Мидория,Тобирама Сенджу,Кимимаро,ШикамарУ,Г а а р а,Ogawa,zzStop,Последователь,~KiLLeR~,Пчёлка,Alukard,_Призрак_,Mirajane,Mrak,Scifsyyh,Флэш,Тендо Нагато,~TITAN~,StanLee,TheJoker,-Sally-,Хрустальный Лис,Акасуна_но_Сасори,TipS,Корвин,Учиха Обито
20200906,132442,102840,994803,870609,866279,819918,808112,706170,654192,618593,594104,571972,554599,526245,523291,497780,472031,446543,429847,427606,425695,389088,381147,379529,363950,360830,359166,340491,336095,334981,333531,327891,322206,321966,320754,314649,299620,280884,274763,264529,253528,249440,248518,243429,243202,241704,240797,237813,237103,234556,223481,223224,221962,214521,208275,206340,204289,201254,199257,199041,198868,198148,193815,193371,193273,182136,182132,177956,176322,174668,173483,167807,165786,163046,153308,149844,149723,147914,146237,144106,142481,139169,138361,135853,135751,135730,132825,132021,129559,125801,122677,122415,120418,118598,117727,117591,117204,113024,112718,111625
date,Джирайя,Майто Гай,Uchiha Madara,Shisui,Айзен,AloneInTheDark,Rosich,sensey,Юморист,YuRaN III,Мастер ИП,Нет,Сайдзо,Orochimaru,Rokyro Rau,Rock Lee,Хедин,РИДИК,Tayuya,Kira,-Tobi-,Kirishima Touka,KillerNick,misha10x10x,DeYsTrave,Акабане Карма,Конс,Sakata Gintoki,Вулкан,Fludo,_Indra_,Социопат_мл,Vizer fon Ghoul,Леди ангел,Neji Hyuga,Йоши,Ога Тацуми,Silf,Trigun,Andara,Mikadzuki,Гаара,Konan,Freir,Firebug,ArtiGarPotr,Нагато Пейн,Учиха Хидате,Большой Брат,герцогиня,-Uchiha-Artem-,СОНЯ,Izaya Orihara,CM Punk,Канеки Учиха,Торуне,Deathstroke,Garadin,Минато Намикадзе,Pain,_ZeuS_,mazumuz,Младший Брат,треш,Гусь,Djons,Ledi,Сбежавший Учиха,Курама Якумо,Хичиго Широсаки,тихиЙ ужаС,Социопат,LoLka 80 lvl,Brave,Изуки Мидория,Тобирама Сенджу,Кимимаро,ШикамарУ,Г а а р а,Ogawa,zzStop,Последователь,~KiLLeR~,Пчёлка,Alukard,_Призрак_,Mirajane,Mrak,Scifsyyh,Флэш,Тендо Нагато,~TITAN~,StanLee,TheJoker,-Sally-,Хрустальный Лис,Акасуна_но_Сасори,TipS,Корвин,Учиха Обито
20200907,132442,102878,995191,871036,866643,820318,808513,706503,654192,618593,594104,571972,554599,526245,523393,497780,472031,446543,429847,427810,425695,389088,381147,379529,363950,360830,359626,340491,336095,334981,333531,327891,322544,321966,320754,314649,299620,280884,274763,264529,253528,249440,248518,243429,243202,241704,240797,237813,237317,234901,223481,223224,222299,214521,208275,206340,204289,201254,199257,199041,198868,198148,193815,193371,193273,182456,182132,177956,176322,174668,173483,167807,165786,163046,153308,149844,149723,147914,146237,144106,142481,139169,138361,135853,135751,135730,132825,132021,129559,125801,122677,122415,120899,118598,117727,117591,117204,113024,112718,111625
date,Джирайя,Майто Гай,Uchiha Madara,Shisui,Айзен,AloneInTheDark,Rosich,sensey,Юморист,YuRaN III,Мастер ИП,Нет,Сайдзо,Orochimaru,Rokyro Rau,Rock Lee,Хедин,РИДИК,Tayuya,Kira,-Tobi-,Kirishima Touka,KillerNick,misha10x10x,DeYsTrave,Акабане Карма,Конс,Sakata Gintoki,Вулкан,Fludo,_Indra_,Социопат_мл,Vizer fon Ghoul,Леди ангел,Neji Hyuga,Йоши,Ога Тацуми,Silf,Trigun,Andara,Mikadzuki,Гаара,Konan,Freir,Firebug,ArtiGarPotr,Нагато Пейн,Учиха Хидате,Большой Брат,герцогиня,-Uchiha-Artem-,СОНЯ,Izaya Orihara,CM Punk,Канеки Учиха,Торуне,Deathstroke,Garadin,Минато Намикадзе,Pain,_ZeuS_,mazumuz,Младший Брат,треш,Гусь,Djons,Ledi,Сбежавший Учиха,Курама Якумо,Хичиго Широсаки,тихиЙ ужаС,Социопат,LoLka 80 lvl,Brave,Изуки Мидория,Тобирама Сенджу,Кимимаро,ШикамарУ,Г а а р а,Ogawa,zzStop,Последователь,~KiLLeR~,Пчёлка,Alukard,_Призрак_,Mirajane,Mrak,Scifsyyh,Флэш,Тендо Нагато,~TITAN~,StanLee,TheJoker,-Sally-,Хрустальный Лис,Акасуна_но_Сасори,TipS,Корвин,Учиха Обито
20200908,132496,102917,995556,871446,867021,820692,808513,706853,654192,618593,594104,571972,554599,526245,523453,497780,472031,446543,429847,427810,425695,389633,381147,379529,363950,360830,359922,340491,336095,334981,333531,327891,322917,321966,320754,314649,299620,280884,274763,264529,253528,249440,248518,243429,243202,241704,240797,237813,237766,235323,223481,223224,222664,214521,208275,206340,204289,201254,199257,199041,198868,198148,193815,193371,193273,182587,182132,177956,176322,174668,173483,167807,165786,163046,153308,149844,149723,147914,146240,144106,142481,139169,138361,135853,135751,135730,132825,132021,129559,125801,122679,122415,121215,118598,117727,117591,117204,113024,112718,111625
date,Джирайя,Майто Гай,Uchiha Madara,Shisui,Айзен,AloneInTheDark,Rosich,sensey,Юморист,YuRaN III,Мастер ИП,Нет,Сайдзо,Orochimaru,Rokyro Rau,Rock Lee,Хедин,РИДИК,Tayuya,Kira,-Tobi-,Kirishima Touka,KillerNick,misha10x10x,DeYsTrave,Акабане Карма,Конс,Sakata Gintoki,Вулкан,Fludo,_Indra_,Социопат_мл,Vizer fon Ghoul,Леди ангел,Neji Hyuga,Йоши,Ога Тацуми,Silf,Trigun,Andara,Mikadzuki,Гаара,Konan,Freir,Firebug,ArtiGarPotr,Нагато Пейн,Большой Брат,Учиха Хидате,герцогиня,-Uchiha-Artem-,СОНЯ,Izaya Orihara,CM Punk,Канеки Учиха,Торуне,Deathstroke,Garadin,Минато Намикадзе,Pain,_ZeuS_,mazumuz,Младший Брат,треш,Гусь,Djons,Ledi,Сбежавший Учиха,Курама Якумо,Хичиго Широсаки,тихиЙ ужаС,Социопат,LoLka 80 lvl,Brave,Изуки Мидория,Тобирама Сенджу,Кимимаро,ШикамарУ,Г а а р а,Ogawa,zzStop,Последователь,~KiLLeR~,Пчёлка,Alukard,_Призрак_,Mirajane,Mrak,Scifsyyh,Флэш,Тендо Нагато,~TITAN~,StanLee,TheJoker,-Sally-,Хрустальный Лис,Акасуна_но_Сасори,TipS,Корвин,Учиха Обито
20200909,132499,102958,995919,872054,867473,821070,808513,707231,654192,618593,594104,571972,554599,526245,524053,497780,472031,446543,429847,427810,425695,390043,381147,379529,363950,360830,360447,340491,336095,334981,333531,327891,323120,321966,320754,314649,299620,280884,274763,264529,253528,249440,248518,243429,243202,241704,240797,238017,237813,235728,223481,223224,222665,214521,208275,206340,204289,201254,199257,199041,198868,198148,193815,193371,193273,183064,182132,177956,176322,174668,173483,167807,165786,163046,153308,149844,149723,147914,146241,144106,142481,139169,138361,135853,135751,135730,132825,132021,129559,125801,122680,122415,121678,118598,117727,117591,117204,113024,112718,111625
date,Джирайя,Майто Гай,Uchiha Madara,Shisui,Айзен,AloneInTheDark,Rosich,sensey,Юморист,YuRaN III,Мастер ИП,Нет,Сайдзо,Orochimaru,Rokyro Rau,Rock Lee,Хедин,РИДИК,Tayuya,Kira,-Tobi-,Kirishima Touka,KillerNick,misha10x10x,DeYsTrave,Акабане Карма,Конс,Sakata Gintoki,Вулкан,Fludo,_Indra_,Социопат_мл,Vizer fon Ghoul,Леди ангел,Neji Hyuga,Йоши,Ога Тацуми,Silf,Trigun,Andara,Mikadzuki,Гаара,Konan,Freir,Firebug,ArtiGarPotr,Нагато Пейн,Большой Брат,Учиха Хидате,герцогиня,-Uchiha-Artem-,СОНЯ,Izaya Orihara,CM Punk,Канеки Учиха,Торуне,Deathstroke,Garadin,Минато Намикадзе,Pain,_ZeuS_,mazumuz,Младший Брат,треш,Гусь,Djons,Ledi,Сбежавший Учиха,Курама Якумо,Хичиго Широсаки,тихиЙ ужаС,Социопат,LoLka 80 lvl,Brave,Изуки Мидория,Тобирама Сенджу,Кимимаро,ШикамарУ,Г а а р а,Ogawa,zzStop,Последователь,~KiLLeR~,Пчёлка,Alukard,_Призрак_,Mirajane,Mrak,Scifsyyh,Флэш,Тендо Нагато,~TITAN~,StanLee,TheJoker,-Sally-,Хрустальный Лис,Акасуна_но_Сасори,TipS,Корвин,Учиха Обито
20200910,132553,102996,996216,872285,868199,821443,808513,707414,654192,618593,594104,571972,554599,526245,524210,497780,472031,446543,429847,427810,425695,390283,381147,379529,363950,360830,360737,340491,336095,334981,333531,327891,323611,321966,320754,314649,299620,280884,274763,264529,253528,249440,248518,243429,243202,241704,240797,238344,237813,236060,223481,223224,222665,214521,208275,206340,204289,201254,199257,199236,198868,198148,193821,193371,193273,183334,182132,177956,176322,174668,173483,167807,165786,163046,153308,149844,149723,147914,146241,144106,142481,139169,138361,135853,135751,135730,132825,132021,129559,125801,122680,122415,121967,118598,118196,117591,117204,113024,112718,111625
date,Джирайя,Майто Гай,Uchiha Madara,Shisui,Айзен,AloneInTheDark,Rosich,sensey,Юморист,YuRaN III,Мастер ИП,Нет,Сайдзо,Orochimaru,Rokyro Rau,Rock Lee,Хедин,РИДИК,Tayuya,Kira,-Tobi-,Kirishima Touka,KillerNick,misha10x10x,DeYsTrave,Конс,Акабане Карма,Sakata Gintoki,Вулкан,Fludo,_Indra_,Социопат_мл,Vizer fon Ghoul,Леди ангел,Neji Hyuga,Йоши,Ога Тацуми,Silf,Trigun,Andara,Mikadzuki,Гаара,Konan,Freir,Firebug,ArtiGarPotr,Нагато Пейн,Большой Брат,Учиха Хидате,герцогиня,-Uchiha-Artem-,СОНЯ,Izaya Orihara,CM Punk,Канеки Учиха,Торуне,Deathstroke,Garadin,Минато Намикадзе,Pain,_ZeuS_,mazumuz,Младший Брат,треш,Гусь,Djons,Ledi,Сбежавший Учиха,Курама Якумо,Хичиго Широсаки,тихиЙ ужаС,Социопат,LoLka 80 lvl,Brave,Изуки Мидория,Тобирама Сенджу,Кимимаро,ШикамарУ,Г а а р а,Ogawa,zzStop,Последователь,~KiLLeR~,Пчёлка,Alukard,_Призрак_,Mirajane,Mrak,Scifsyyh,Флэш,Тендо Нагато,~TITAN~,StanLee,-Sally-,TheJoker,Хрустальный Лис,Акасуна_но_Сасори,TipS,Корвин,Учиха Обито
20200911,132553,103034,996632,872881,868890,821820,808513,707760,654192,618593,594104,571972,554599,526245,524499,497780,472031,446543,429847,427810,425695,391000,381147,379529,363950,361119,360830,340491,336095,334981,333531,327891,323819,321966,320754,314649,299620,280884,274763,264529,253528,249440,248518,243429,243202,241704,240797,238663,237813,236155,223481,223224,222665,214521,208275,206340,204289,201254,199257,199257,198868,198148,193821,193371,193273,183625,182132,177956,176322,174668,173483,167807,165786,163046,153308,149844,149723,147914,146242,144106,142481,139169,138361,135853,135751,135730,132825,132021,129559,125801,122681,122415,122373,118625,118598,117591,117204,113024,112718,111625
date,Джирайя,Майто Гай,Uchiha Madara,Shisui,Айзен,AloneInTheDark,Rosich,sensey,Юморист,YuRaN III,Мастер ИП,Нет,Сайдзо,Orochimaru,Rokyro Rau,Rock Lee,Хедин,РИДИК,Tayuya,Kira,-Tobi-,Kirishima Touka,KillerNick,misha10x10x,DeYsTrave,Конс,Акабане Карма,Sakata Gintoki,Вулкан,Fludo,_Indra_,Социопат_мл,Vizer fon Ghoul,Леди ангел,Neji Hyuga,Йоши,Ога Тацуми,Silf,Trigun,Andara,Mikadzuki,Гаара,Konan,Freir,Firebug,ArtiGarPotr,Нагато Пейн,Большой Брат,Учиха Хидате,герцогиня,-Uchiha-Artem-,СОНЯ,Izaya Orihara,CM Punk,Канеки Учиха,Торуне,Deathstroke,Garadin,Минато Намикадзе,Pain,_ZeuS_,mazumuz,Младший Брат,треш,Гусь,Djons,Ledi,Сбежавший Учиха,Курама Якумо,Хичиго Широсаки,тихиЙ ужаС,Социопат,LoLka 80 lvl,Brave,Изуки Мидория,Тобирама Сенджу,Кимимаро,ШикамарУ,Г а а р а,Ogawa,zzStop,Последователь,~KiLLeR~,Пчёлка,Alukard,_Призрак_,Mirajane,Mrak,Scifsyyh,Флэш,StanLee,Тендо Нагато,~TITAN~,-Sally-,TheJoker,Хрустальный Лис,Акасуна_но_Сасори,TipS,Корвин,Учиха Обито
20200912,132604,103073,997001,873174,869434,821936,808513,708094,654192,618593,594104,571972,554599,526245,524592,497780,472031,446543,429847,427810,425695,391109,381147,379529,363950,361434,360830,340491,336095,334981,333531,327891,323953,321966,320754,314649,299620,280884,274763,264529,253528,249440,248518,243429,243202,241704,240797,238994,237813,236476,223481,223224,222665,214521,208275,206380,204289,201254,199257,199257,198868,198148,193821,193371,193273,183707,182132,177956,176322,174668,173483,167807,165786,163046,153308,149844,149723,147914,146244,144106,142481,139169,138361,135853,135751,135730,132825,132021,129559,125801,122752,122683,122415,118770,118598,117591,117204,113024,112718,111625
date,Джирайя,Майто Гай,Uchiha Madara,Shisui,Айзен,AloneInTheDark,Rosich,sensey,Юморист,YuRaN III,Мастер ИП,Нет,Сайдзо,Orochimaru,Rokyro Rau,Rock Lee,Хедин,РИДИК,Tayuya,Kira,-Tobi-,Kirishima Touka,KillerNick,misha10x10x,DeYsTrave,Конс,Акабане Карма,Sakata Gintoki,Вулкан,Fludo,_Indra_,Социопат_мл,Vizer fon Ghoul,Леди ангел,Neji Hyuga,Йоши,Ога Тацуми,Silf,Trigun,Andara,Mikadzuki,Гаара,Konan,Freir,Firebug,ArtiGarPotr,Нагато Пейн,Большой Брат,Учиха Хидате,герцогиня,-Uchiha-Artem-,СОНЯ,Izaya Orihara,CM Punk,Канеки Учиха,Торуне,Deathstroke,Garadin,Минато Намикадзе,Pain,_ZeuS_,mazumuz,Младший Брат,треш,Гусь,Djons,Ledi,Сбежавший Учиха,Курама Якумо,Хичиго Широсаки,тихиЙ ужаС,Социопат,LoLka 80 lvl,Brave,Изуки Мидория,Тобирама Сенджу,Кимимаро,ШикамарУ,Г а а р а,Ogawa,zzStop,Последователь,~KiLLeR~,Пчёлка,Alukard,_Призрак_,Mirajane,Mrak,Scifsyyh,Флэш,StanLee,Тендо Нагато,~TITAN~,-Sally-,TheJoker,Хрустальный Лис,Акасуна_но_Сасори,TipS,Корвин,Учиха Обито
20200913,132604,103110,997514,873503,869714,822567,808513,708606,654192,618593,594104,571972,554599,526245,524909,497780,472031,446543,429847,427810,425695,391661,381147,379529,363950,361866,360830,340491,336095,334981,333531,327891,324068,321966,320754,314649,299620,280884,274763,264529,253528,249440,248518,243429,243202,241704,240797,239399,237813,236714,223481,223224,222665,214521,208275,206380,204289,201254,199257,199257,198868,198148,193821,193371,193273,183933,182132,177956,176322,174668,173483,167807,165786,163046,153308,149844,149723,147914,146244,144106,142481,139169,138361,135853,135751,135730,132825,132021,129559,125801,123142,122683,122415,118770,118598,117591,117204,113024,112718,111625
date,Джирайя,Майто Гай,Uchiha Madara,Shisui,Айзен,AloneInTheDark,Rosich,sensey,Юморист,YuRaN III,Мастер ИП,Нет,Сайдзо,Orochimaru,Rokyro Rau,Rock Lee,Хедин,РИДИК,Tayuya,Kira,-Tobi-,Kirishima Touka,KillerNick,misha10x10x,DeYsTrave,Конс,Акабане Карма,Sakata Gintoki,Вулкан,Fludo,_Indra_,Социопат_мл,Vizer fon Ghoul,Леди ангел,Neji Hyuga,Йоши,Ога Тацуми,Silf,Trigun,Andara,Mikadzuki,Гаара,Konan,Freir,Firebug,ArtiGarPotr,Нагато Пейн,Большой Брат,Учиха Хидате,герцогиня,-Uchiha-Artem-,СОНЯ,Izaya Orihara,CM Punk,Канеки Учиха,Торуне,Deathstroke,Garadin,Минато Намикадзе,Pain,_ZeuS_,mazumuz,Младший Брат,треш,Гусь,Djons,Ledi,Сбежавший Учиха,Курама Якумо,Хичиго Широсаки,тихиЙ ужаС,Социопат,LoLka 80 lvl,Brave,Изуки Мидория,Тобирама Сенджу,Кимимаро,ШикамарУ,Г а а р а,Ogawa,zzStop,Последователь,~KiLLeR~,Пчёлка,Alukard,_Призрак_,Mirajane,Mrak,Scifsyyh,Флэш,StanLee,Тендо Нагато,~TITAN~,-Sally-,TheJoker,Хрустальный Лис,Акасуна_но_Сасори,TipS,Корвин,Учиха Обито
20200914,132604,103112,997579,874079,870228,822787,808513,708784,654192,618593,594104,571972,554599,526245,524972,497780,472031,446543,429847,427810,425695,391661,381147,379529,363950,362103,360830,340491,336095,334981,333531,327891,324083,321966,320754,314649,299620,280884,274763,264529,253528,249440,248518,243429,243202,241704,240797,239635,237813,236828,223481,223224,222665,214521,208275,206420,204289,201254,199257,199257,198868,198148,193821,193371,193273,183992,182132,177956,176322,174668,173483,167807,165786,163046,153308,149844,149723,147914,146244,144106,142481,139169,138361,135853,135751,135730,132825,132021,129559,125801,123164,122683,122415,118770,118598,117591,117204,113024,112718,111625
date,Джирайя,Майто Гай,Uchiha Madara,Shisui,Айзен,AloneInTheDark,Rosich,sensey,Юморист,YuRaN III,Мастер ИП,Нет,Сайдзо,Orochimaru,Rokyro Rau,Rock Lee,Хедин,РИДИК,Tayuya,Kira,-Tobi-,Kirishima Touka,KillerNick,misha10x10x,DeYsTrave,Конс,Акабане Карма,Sakata Gintoki,Вулкан,Fludo,_Indra_,Социопат_мл,Vizer fon Ghoul,Леди ангел,Neji Hyuga,Йоши,Ога Тацуми,Silf,Trigun,Andara,Mikadzuki,Гаара,Konan,Freir,Firebug,ArtiGarPotr,Нагато Пейн,Большой Брат,Учиха Хидате,герцогиня,-Uchiha-Artem-,СОНЯ,Izaya Orihara,CM Punk,Канеки Учиха,Торуне,Deathstroke,Garadin,Минато Намикадзе,Pain,_ZeuS_,mazumuz,Младший Брат,треш,Гусь,Djons,Ledi,Сбежавший Учиха,Курама Якумо,Хичиго Широсаки,тихиЙ ужаС,Социопат,LoLka 80 lvl,Brave,Изуки Мидория,Тобирама Сенджу,Кимимаро,ШикамарУ,Г а а р а,Ogawa,zzStop,Последователь,~KiLLeR~,Пчёлка,Alukard,_Призрак_,Mirajane,Mrak,Scifsyyh,Флэш,StanLee,Тендо Нагато,~TITAN~,-Sally-,TheJoker,Хрустальный Лис,Акасуна_но_Сасори,TipS,Корвин,Учиха Обито
20200915,132641,103173,997596,874480,870720,822977,808513,709319,654192,618593,594104,571972,554599,526245,525277,497780,472031,446543,429847,427810,425695,392161,381147,379529,363950,362703,360830,340491,336095,334981,333531,327891,324200,321966,320754,314649,299620,280884,274763,264529,253528,249440,248518,243429,243202,241704,240797,240259,237813,236915,223481,223224,222665,214521,208275,206460,204289,201254,199257,199257,198868,198148,193821,193371,193273,184128,182132,177956,176322,174668,173483,167807,165786,163046,153308,149844,149723,147914,146244,144106,142481,139169,138361,135853,135751,135730,132825,132021,129559,125801,123384,122683,122415,118942,118598,117591,117204,113024,112718,111625
date,Джирайя,Майто Гай,Uchiha Madara,Shisui,Айзен,AloneInTheDark,Rosich,sensey,Юморист,YuRaN III,Мастер ИП,Нет,Сайдзо,Orochimaru,Rokyro Rau,Rock Lee,Хедин,РИДИК,Tayuya,Kira,-Tobi-,Kirishima Touka,KillerNick,misha10x10x,DeYsTrave,Конс,Акабане Карма,Sakata Gintoki,Вулкан,Fludo,_Indra_,Социопат_мл,Vizer fon Ghoul,Леди ангел,Neji Hyuga,Йоши,Ога Тацуми,Silf,Trigun,Andara,Mikadzuki,Гаара,Konan,Freir,Firebug,ArtiGarPotr,Нагато Пейн,Большой Брат,Учиха Хидате,герцогиня,-Uchiha-Artem-,СОНЯ,Izaya Orihara,CM Punk,Канеки Учиха,Торуне,Deathstroke,Garadin,Минато Намикадзе,Pain,_ZeuS_,mazumuz,Младший Брат,треш,Гусь,Djons,Ledi,Сбежавший Учиха,Курама Якумо,Хичиго Широсаки,тихиЙ ужаС,Социопат,LoLka 80 lvl,Brave,Изуки Мидория,Тобирама Сенджу,Кимимаро,ШикамарУ,Г а а р а,Ogawa,zzStop,Последователь,~KiLLeR~,Пчёлка,Alukard,_Призрак_,Mirajane,Mrak,Scifsyyh,Флэш,StanLee,Тендо Нагато,~TITAN~,-Sally-,TheJoker,Хрустальный Лис,Акасуна_но_Сасори,TipS,Корвин,Учиха Обито
20200916,132693,103212,998190,874685,871057,823629,808513,709502,654192,618593,594104,571972,554599,526245,525479,497780,472031,446543,429847,427810,425695,392500,381147,379529,363950,362883,360830,340491,336095,334981,333531,327891,324634,321966,320754,314649,299620,280884,274763,264529,253528,249440,248518,243429,243202,241704,240797,240447,237813,237042,223481,223224,222665,214521,208275,206460,204289,201254,199257,199257,198868,198148,193821,193371,193273,184168,182132,177956,176322,174668,173483,167807,165786,163046,153308,149844,149723,147914,146244,144106,142481,139169,138361,135853,135751,135730,132825,132021,129559,125801,123926,122683,122415,119470,118598,117591,117204,113024,112718,111625
date,Джирайя,Майто Гай,Uchiha Madara,Shisui,Айзен,AloneInTheDark,Rosich,sensey,Юморист,YuRaN III,Мастер ИП,Нет,Сайдзо,Orochimaru,Rokyro Rau,Rock Lee,Хедин,РИДИК,Tayuya,Kira,-Tobi-,Kirishima Touka,KillerNick,misha10x10x,DeYsTrave,Конс,Акабане Карма,Sakata Gintoki,Вулкан,Fludo,_Indra_,Социопат_мл,Vizer fon Ghoul,Леди ангел,Neji Hyuga,Йоши,Ога Тацуми,Silf,Trigun,Andara,Mikadzuki,Гаара,Konan,Freir,Firebug,ArtiGarPotr,Большой Брат,Нагато Пейн,Учиха Хидате,герцогиня,-Uchiha-Artem-,СОНЯ,Izaya Orihara,CM Punk,Канеки Учиха,Торуне,Deathstroke,Garadin,Минато Намикадзе,Pain,_ZeuS_,mazumuz,Младший Брат,треш,Гусь,Djons,Ledi,Сбежавший Учиха,Курама Якумо,Хичиго Широсаки,тихиЙ ужаС,Социопат,LoLka 80 lvl,Brave,Изуки Мидория,Тобирама Сенджу,Кимимаро,ШикамарУ,Г а а р а,Ogawa,zzStop,Последователь,~KiLLeR~,Пчёлка,Alukard,_Призрак_,Mirajane,Mrak,Scifsyyh,Флэш,StanLee,Тендо Нагато,~TITAN~,-Sally-,TheJoker,Хрустальный Лис,Акасуна_но_Сасори,TipS,Корвин,Учиха Обито
20200917,132740,103251,998610,875259,871650,824008,808513,710041,654192,618593,594104,571972,554599,526245,525551,497780,472031,446543,429847,427810,425695,393005,381147,379529,363950,363301,360830,340491,336095,334981,333531,327891,324810,321966,320754,314649,299620,280884,274763,264529,253528,249440,248518,243429,243202,241704,241021,240797,237813,237180,223481,223224,222665,214521,208275,206502,204289,201254,199257,199257,198868,198148,193821,193371,193273,184291,182132,177956,176322,174668,173483,167807,165786,163046,153308,149844,149723,147914,146245,144106,142481,139169,138361,135853,135751,135730,132825,132021,129559,125801,124006,122684,122415,119816,118598,117591,117204,113024,112718,111625
date,Джирайя,Майто Гай,Uchiha Madara,Shisui,Айзен,AloneInTheDark,Rosich,sensey,Юморист,YuRaN III,Мастер ИП,Нет,Сайдзо,Orochimaru,Rokyro Rau,Rock Lee,Хедин,РИДИК,Tayuya,Kira,-Tobi-,Kirishima Touka,KillerNick,misha10x10x,DeYsTrave,Конс,Акабане Карма,Sakata Gintoki,Вулкан,Fludo,_Indra_,Социопат_мл,Vizer fon Ghoul,Леди ангел,Neji Hyuga,Йоши,Ога Тацуми,Silf,Trigun,Andara,Mikadzuki,Гаара,Konan,Freir,Firebug,ArtiGarPotr,Большой Брат,Нагато Пейн,Учиха Хидате,герцогиня,-Uchiha-Artem-,СОНЯ,Izaya Orihara,CM Punk,Канеки Учиха,Торуне,Deathstroke,Garadin,Минато Намикадзе,Pain,_ZeuS_,mazumuz,Младший Брат,треш,Гусь,Djons,Ledi,Сбежавший Учиха,Курама Якумо,Хичиго Широсаки,тихиЙ ужаС,Социопат,LoLka 80 lvl,Brave,Изуки Мидория,Тобирама Сенджу,Кимимаро,ШикамарУ,Г а а р а,Ogawa,zzStop,Последователь,~KiLLeR~,Пчёлка,Alukard,_Призрак_,Mirajane,Mrak,Scifsyyh,Флэш,StanLee,Тендо Нагато,~TITAN~,-Sally-,TheJoker,Хрустальный Лис,Акасуна_но_Сасори,TipS,Корвин,Учиха Обито
20200918,132759,103290,998914,875496,872155,824387,808513,710401,654192,618593,594104,571972,554599,526245,526052,497780,472031,446543,429847,427810,425695,393303,381147,379529,363950,363773,360830,340491,336095,334981,333531,327891,324880,321966,320754,314649,299620,280884,274763,264529,253528,249440,248518,243429,243202,241704,241247,240797,237813,237501,223481,223224,222665,214521,208275,206502,204289,201254,199257,199257,198868,198148,193821,193371,193273,184901,182132,177956,176322,174668,173483,167807,165786,163046,153308,149844,149723,147914,146248,144106,142481,139169,138361,135853,135751,135730,132825,132021,129559,125801,124006,122686,122415,120266,118598,117591,117204,113024,112718,111625
date,Джирайя,Майто Гай,Uchiha Madara,Shisui,Айзен,AloneInTheDark,Rosich,sensey,Юморист,YuRaN III,Мастер ИП,Нет,Сайдзо,Orochimaru,Rokyro Rau,Rock Lee,Хедин,РИДИК,Tayuya,Kira,-Tobi-,Kirishima Touka,KillerNick,misha10x10x,Конс,DeYsTrave,Акабане Карма,Sakata Gintoki,Вулкан,Fludo,_Indra_,Социопат_мл,Vizer fon Ghoul,Леди ангел,Neji Hyuga,Йоши,Ога Тацуми,Silf,Trigun,Andara,Mikadzuki,Гаара,Konan,Freir,Firebug,ArtiGarPotr,Большой Брат,Нагато Пейн,Учиха Хидате,герцогиня,-Uchiha-Artem-,СОНЯ,Izaya Orihara,CM Punk,Канеки Учиха,Торуне,Deathstroke,Garadin,Минато Намикадзе,Pain,_ZeuS_,mazumuz,Младший Брат,треш,Гусь,Djons,Ledi,Сбежавший Учиха,Курама Якумо,Хичиго Широсаки,тихиЙ ужаС,Социопат,LoLka 80 lvl,Brave,Изуки Мидория,Тобирама Сенджу,Кимимаро,ШикамарУ,Г а а р а,Ogawa,zzStop,Последователь,~KiLLeR~,Пчёлка,Alukard,_Призрак_,Mirajane,Mrak,Scifsyyh,Флэш,StanLee,Тендо Нагато,~TITAN~,-Sally-,TheJoker,Хрустальный Лис,Акасуна_но_Сасори,TipS,Корвин,Учиха Обито
20200919,132780,103329,998914,876051,872800,824765,808513,710783,654192,618593,594104,571972,554599,526245,526213,497780,472031,446543,429847,427810,425695,393785,381147,379529,364198,363950,360830,340491,336095,334981,333531,327891,325116,321966,320754,314649,299620,280884,274763,264529,253528,249440,248518,243429,243202,241704,241616,240797,237813,237501,223481,223224,222665,214521,208275,206549,204289,201254,199257,199257,198868,198148,193821,193371,193273,185036,182132,177956,176322,174668,173483,167807,165786,163046,153308,149844,149723,147914,146271,144106,142481,139170,138361,135853,135751,135730,132825,132021,129559,125801,124006,122697,122415,120464,118598,117591,117204,113024,112718,111625
date,Джирайя,Майто Гай,Uchiha Madara,Shisui,Айзен,AloneInTheDark,Rosich,sensey,Юморист,YuRaN III,Мастер ИП,Нет,Сайдзо,Rokyro Rau,Orochimaru,Rock Lee,Хедин,РИДИК,Tayuya,Kira,-Tobi-,Kirishima Touka,KillerNick,misha10x10x,Конс,DeYsTrave,Акабане Карма,Sakata Gintoki,Вулкан,Fludo,_Indra_,Социопат_мл,Vizer fon Ghoul,Леди ангел,Neji Hyuga,Йоши,Ога Тацуми,Silf,Trigun,Andara,Mikadzuki,Гаара,Konan,Freir,Firebug,Большой Брат,ArtiGarPotr,Нагато Пейн,Учиха Хидате,герцогиня,-Uchiha-Artem-,СОНЯ,Izaya Orihara,CM Punk,Канеки Учиха,Торуне,Deathstroke,Garadin,Минато Намикадзе,Pain,_ZeuS_,mazumuz,Младший Брат,треш,Гусь,Djons,Ledi,Сбежавший Учиха,Курама Якумо,Хичиго Широсаки,тихиЙ ужаС,Социопат,LoLka 80 lvl,Brave,Изуки Мидория,Тобирама Сенджу,Кимимаро,ШикамарУ,Г а а р а,Ogawa,zzStop,Последователь,~KiLLeR~,Пчёлка,Alukard,_Призрак_,Mirajane,Mrak,Scifsyyh,Флэш,StanLee,Тендо Нагато,~TITAN~,-Sally-,TheJoker,Хрустальный Лис,Акасуна_но_Сасори,TipS,Корвин,Учиха Обито
20200920,132780,103366,998914,876460,873485,825141,808513,711009,654192,618593,594104,571972,554599,526783,526245,497780,472031,446543,429847,427810,425695,393785,381147,379529,364472,363950,360830,340491,336095,334981,333531,327891,325498,321966,320754,314649,299620,280884,274763,264529,253528,250089,248518,243429,243202,241975,241704,240797,237813,237501,223481,223224,222665,214521,208275,206592,204289,201254,199257,199257,198868,198148,193821,193371,193273,185333,182132,177956,176323,174668,173483,167807,165786,163046,153308,149844,149723,147914,146275,144106,142481,139170,138361,135853,135751,135730,132825,132021,129559,125801,124006,122697,122415,120806,118598,117591,117204,113024,112718,111625
date,Джирайя,Майто Гай,Uchiha Madara,Shisui,Айзен,AloneInTheDark,Rosich,sensey,Юморист,YuRaN III,Мастер ИП,Нет,Сайдзо,Rokyro Rau,Orochimaru,Rock Lee,Хедин,РИДИК,Tayuya,Kira,-Tobi-,Kirishima Touka,KillerNick,misha10x10x,Конс,DeYsTrave,Акабане Карма,Sakata Gintoki,Вулкан,Fludo,_Indra_,Социопат_мл,Vizer fon Ghoul,Леди ангел,Neji Hyuga,Йоши,Ога Тацуми,Silf,Trigun,Andara,Mikadzuki,Гаара,Konan,Freir,Firebug,Большой Брат,ArtiGarPotr,Нагато Пейн,Учиха Хидате,герцогиня,-Uchiha-Artem-,СОНЯ,Izaya Orihara,CM Punk,Канеки Учиха,Торуне,Deathstroke,Garadin,Минато Намикадзе,Pain,_ZeuS_,mazumuz,Младший Брат,треш,Гусь,Djons,Ledi,Сбежавший Учиха,Курама Якумо,Хичиго Широсаки,тихиЙ ужаС,Социопат,LoLka 80 lvl,Brave,Изуки Мидория,Тобирама Сенджу,Кимимаро,ШикамарУ,Г а а р а,Ogawa,zzStop,Последователь,~KiLLeR~,Пчёлка,Alukard,_Призрак_,Mirajane,Mrak,Scifsyyh,Флэш,StanLee,Тендо Нагато,~TITAN~,-Sally-,TheJoker,Хрустальный Лис,Акасуна_но_Сасори,TipS,Корвин,Учиха Обито
20200921,132780,103405,998914,876848,873976,825520,808911,711498,654192,618593,594104,571972,554599,527008,526245,497780,472031,446543,429847,427810,425695,394291,381147,379529,364854,363950,360830,340491,336095,334981,333531,327891,325664,321966,320754,314649,299620,280884,274763,264529,253528,252126,248518,243429,243202,242438,241704,240797,237813,237501,223481,223224,222665,214521,208275,206632,204289,201254,199257,199257,198868,198148,193821,193371,193273,185823,182132,177956,176323,174668,173483,167807,165786,163046,153308,149844,149723,147914,146277,144106,142481,139170,138361,135853,135751,135730,132825,132021,129559,125801,124006,122697,122415,121255,118598,117591,117204,113024,112718,111625
date,Джирайя,Майто Гай,Uchiha Madara,Shisui,Айзен,AloneInTheDark,Rosich,sensey,Юморист,YuRaN III,Мастер ИП,Нет,Сайдзо,Rokyro Rau,Orochimaru,Rock Lee,Хедин,РИДИК,Tayuya,Kira,-Tobi-,Kirishima Touka,KillerNick,misha10x10x,Конс,DeYsTrave,Акабане Карма,Sakata Gintoki,Вулкан,Fludo,_Indra_,Социопат_мл,Vizer fon Ghoul,Леди ангел,Neji Hyuga,Йоши,Ога Тацуми,Silf,Trigun,Andara,Mikadzuki,Гаара,Konan,Freir,Firebug,Большой Брат,ArtiGarPotr,Нагато Пейн,Учиха Хидате,герцогиня,-Uchiha-Artem-,СОНЯ,Izaya Orihara,CM Punk,Канеки Учиха,Торуне,Deathstroke,Garadin,Минато Намикадзе,Pain,_ZeuS_,mazumuz,Младший Брат,треш,Гусь,Djons,Ledi,Сбежавший Учиха,Курама Якумо,Хичиго Широсаки,тихиЙ ужаС,Социопат,LoLka 80 lvl,Brave,Изуки Мидория,Тобирама Сенджу,Кимимаро,ШикамарУ,Г а а р а,Ogawa,zzStop,Последователь,~KiLLeR~,Пчёлка,Alukard,_Призрак_,Mirajane,Mrak,Scifsyyh,Флэш,StanLee,Тендо Нагато,~TITAN~,-Sally-,TheJoker,Хрустальный Лис,Акасуна_но_Сасори,TipS,Корвин,Учиха Обито
20200922,132832,103443,998914,877258,874510,825891,809237,711866,654192,618593,594104,571972,554599,527133,526245,497780,472031,446543,429847,427810,425695,394690,381147,379529,365241,363950,360833,340491,336095,334981,333531,327891,325664,321966,320754,314649,299620,280884,274763,264529,253528,252792,248518,243429,243202,242737,241704,240797,237813,237544,223481,223224,222665,214521,208275,206672,204289,201254,199257,199257,198868,198148,193821,193371,193273,186067,182132,177956,176324,174668,173483,167807,165786,163046,153308,149844,149723,147914,146277,144106,142481,139170,138361,135853,135751,135730,132825,132021,129559,125801,124006,122697,122415,121658,118598,117591,117204,113024,112718,111625
date,Джирайя,Майто Гай,Uchiha Madara,Shisui,Айзен,AloneInTheDark,Rosich,sensey,Юморист,YuRaN III,Мастер ИП,Нет,Сайдзо,Rokyro Rau,Orochimaru,Rock Lee,Хедин,РИДИК,Tayuya,Kira,-Tobi-,Kirishima Touka,KillerNick,misha10x10x,Конс,DeYsTrave,Акабане Карма,Sakata Gintoki,Вулкан,Fludo,_Indra_,Социопат_мл,Vizer fon Ghoul,Леди ангел,Neji Hyuga,Йоши,Ога Тацуми,Silf,Trigun,Andara,Гаара,Mikadzuki,Konan,Freir,Firebug,Большой Брат,ArtiGarPotr,Нагато Пейн,Учиха Хидате,герцогиня,-Uchiha-Artem-,СОНЯ,Izaya Orihara,CM Punk,Канеки Учиха,Торуне,Deathstroke,Garadin,Минато Намикадзе,Pain,_ZeuS_,mazumuz,Младший Брат,треш,Гусь,Djons,Ledi,Сбежавший Учиха,Курама Якумо,Хичиго Широсаки,тихиЙ ужаС,Социопат,LoLka 80 lvl,Brave,Изуки Мидория,Тобирама Сенджу,Кимимаро,ШикамарУ,Г а а р а,Ogawa,zzStop,Последователь,~KiLLeR~,Пчёлка,Alukard,_Призрак_,Mirajane,Mrak,Scifsyyh,Флэш,StanLee,Тендо Нагато,~TITAN~,-Sally-,TheJoker,Хрустальный Лис,Акасуна_но_Сасори,TipS,Корвин,Учиха Обито
20200923,132880,103482,998914,877689,874902,826262,809655,712235,654192,618593,594104,571972,554599,527670,526245,497780,472031,446543,429847,427810,425695,395219,381147,379529,365726,363950,360833,340491,336095,334981,333531,327891,325911,321966,320754,314649,299620,280884,274763,264529,253792,253528,248518,243429,243202,243091,241704,240797,237813,237737,223481,223224,222665,214521,208275,206673,204289,201254,199257,199257,198868,198148,193821,193371,193273,186340,182132,177956,176329,174668,173483,167807,165786,163046,153308,149844,149723,147914,146277,144106,142481,139170,138386,135853,135751,135730,132825,132021,129559,125801,124006,122697,122415,122130,118598,117591,117204,113024,112718,111625
date,Джирайя,Майто Гай,Uchiha Madara,Shisui,Айзен,AloneInTheDark,Rosich,sensey,Юморист,YuRaN III,Мастер ИП,Нет,Сайдзо,Rokyro Rau,Orochimaru,Rock Lee,Хедин,РИДИК,Tayuya,Kira,-Tobi-,Kirishima Touka,KillerNick,misha10x10x,Конс,DeYsTrave,Акабане Карма,Sakata Gintoki,Вулкан,Fludo,_Indra_,Социопат_мл,Vizer fon Ghoul,Леди ангел,Neji Hyuga,Йоши,Ога Тацуми,Silf,Trigun,Andara,Гаара,Mikadzuki,Konan,Большой Брат,Freir,Firebug,ArtiGarPotr,Нагато Пейн,герцогиня,Учиха Хидате,-Uchiha-Artem-,СОНЯ,Izaya Orihara,CM Punk,Канеки Учиха,Торуне,Deathstroke,Garadin,Минато Намикадзе,Pain,_ZeuS_,mazumuz,Младший Брат,треш,Гусь,Djons,Ledi,Сбежавший Учиха,Курама Якумо,Хичиго Широсаки,тихиЙ ужаС,Социопат,LoLka 80 lvl,Brave,Изуки Мидория,Тобирама Сенджу,Кимимаро,ШикамарУ,Г а а р а,Ogawa,zzStop,Последователь,~KiLLeR~,Пчёлка,Alukard,_Призрак_,Mirajane,Mrak,Scifsyyh,Флэш,StanLee,Тендо Нагато,~TITAN~,-Sally-,TheJoker,Хрустальный Лис,Акасуна_но_Сасори,TipS,Корвин,Учиха Обито
20200924,132925,103522,998914,877844,874936,826634,810069,712535,654192,618593,594104,571972,554599,527855,526245,497780,472031,446543,429847,427810,425695,395503,381147,379529,366091,363950,360833,340491,336095,334981,333531,327891,326352,321966,320754,314649,299620,280884,274763,264529,254594,253528,248518,243554,243429,243202,241704,240797,238084,237813,223481,223224,222665,214521,208275,206673,204289,201254,199257,199257,198868,198148,193821,193371,193273,186473,182132,177956,176333,174668,173483,167807,165786,163046,153308,149844,149723,147914,146277,144106,142481,139170,138437,135853,135751,135730,132825,132021,129559,125801,124006,122697,122415,122256,118598,117591,117204,113024,112718,111625
date,Джирайя,Майто Гай,Uchiha Madara,Shisui,Айзен,AloneInTheDark,Rosich,sensey,Юморист,YuRaN III,Мастер ИП,Нет,Сайдзо,Rokyro Rau,Orochimaru,Rock Lee,Хедин,РИДИК,Tayuya,Kira,-Tobi-,Kirishima Touka,KillerNick,misha10x10x,Конс,DeYsTrave,Акабане Карма,Sakata Gintoki,Вулкан,Fludo,_Indra_,Социопат_мл,Vizer fon Ghoul,Леди ангел,Neji Hyuga,Йоши,Ога Тацуми,Silf,Trigun,Andara,Гаара,Mikadzuki,Konan,Большой Брат,Freir,Firebug,ArtiGarPotr,Нагато Пейн,герцогиня,Учиха Хидате,-Uchiha-Artem-,СОНЯ,Izaya Orihara,CM Punk,Канеки Учиха,Торуне,Deathstroke,Garadin,Минато Намикадзе,Pain,_ZeuS_,mazumuz,Младший Брат,треш,Гусь,Djons,Ledi,Сбежавший Учиха,Курама Якумо,Хичиго Широсаки,тихиЙ ужаС,Социопат,LoLka 80 lvl,Brave,Изуки Мидория,Тобирама Сенджу,Кимимаро,ШикамарУ,Г а а р а,Ogawa,zzStop,Последователь,~KiLLeR~,Пчёлка,Alukard,_Призрак_,Mirajane,Mrak,Scifsyyh,Флэш,StanLee,-Sally-,Тендо Нагато,~TITAN~,TheJoker,Хрустальный Лис,Акасуна_но_Сасори,TipS,Корвин,Учиха Обито
20200925,132969,103561,998914,878497,875568,826981,810434,712927,654192,618593,594104,571972,554599,528243,526245,497780,472031,446543,429847,427810,425695,395747,381147,379529,366479,363950,360833,340491,336095,334981,333531,327891,326658,321966,320754,314649,299620,280884,274763,264529,255317,253528,248518,243896,243429,243202,241704,240797,238084,237813,223481,223224,222665,214521,208275,206673,204289,201254,199257,199257,198868,198148,193821,193371,193273,186851,182132,177956,176334,174668,173483,167807,165786,163046,153308,149844,149723,147914,146277,144106,142481,139170,138437,135853,135751,135730,132825,132021,129559,125801,124006,122731,122697,122415,118598,117591,117204,113024,112718,111625
date,Джирайя,Майто Гай,Uchiha Madara,Shisui,Айзен,AloneInTheDark,Rosich,sensey,Юморист,YuRaN III,Мастер ИП,Нет,Сайдзо,Rokyro Rau,Orochimaru,Rock Lee,Хедин,РИДИК,Tayuya,Kira,-Tobi-,Kirishima Touka,KillerNick,misha10x10x,Конс,DeYsTrave,Акабане Карма,Sakata Gintoki,Вулкан,Fludo,_Indra_,Социопат_мл,Vizer fon Ghoul,Леди ангел,Neji Hyuga,Йоши,Ога Тацуми,Silf,Trigun,Andara,Гаара,Mikadzuki,Konan,Большой Брат,Freir,Firebug,ArtiGarPotr,Нагато Пейн,герцогиня,Учиха Хидате,-Uchiha-Artem-,СОНЯ,Izaya Orihara,CM Punk,Канеки Учиха,Торуне,Deathstroke,Garadin,Минато Намикадзе,Pain,_ZeuS_,mazumuz,Младший Брат,треш,Гусь,Djons,Ledi,Сбежавший Учиха,Курама Якумо,Хичиго Широсаки,тихиЙ ужаС,Социопат,LoLka 80 lvl,Brave,Изуки Мидория,Тобирама Сенджу,Кимимаро,ШикамарУ,Г а а р а,Ogawa,zzStop,Последователь,~KiLLeR~,Пчёлка,Alukard,_Призрак_,Mirajane,Mrak,Scifsyyh,Флэш,StanLee,-Sally-,Тендо Нагато,~TITAN~,TheJoker,Хрустальный Лис,Акасуна_но_Сасори,TipS,Корвин,Учиха Обито
20200926,133011,103601,998914,878897,875697,827390,810777,713206,654192,618593,594104,571972,554599,528426,526245,497780,472031,446543,429847,427810,425695,396178,381147,379529,366775,363950,360833,340491,336095,334981,333531,327891,326983,321966,320754,314649,299620,280884,274763,264529,255339,253528,248518,244282,243429,243202,241704,240797,238084,237813,223481,223224,222665,214521,208275,206673,204289,201254,199257,199257,198868,198148,193821,193371,193273,186973,182132,177956,176334,174668,173483,167807,165786,163046,153308,149844,149723,147914,146277,144106,142481,139170,138437,135853,135751,135730,132825,132021,129559,125801,124006,123203,122697,122415,118598,117591,117204,113024,112718,111625
date,Джирайя,Майто Гай,Uchiha Madara,Shisui,Айзен,AloneInTheDark,Rosich,sensey,Юморист,YuRaN III,Мастер ИП,Нет,Сайдзо,Rokyro Rau,Orochimaru,Rock Lee,Хедин,РИДИК,Tayuya,Kira,-Tobi-,Kirishima Touka,KillerNick,misha10x10x,Конс,DeYsTrave,Акабане Карма,Sakata Gintoki,Вулкан,Fludo,_Indra_,Социопат_мл,Vizer fon Ghoul,Леди ангел,Neji Hyuga,Йоши,Ога Тацуми,Silf,Trigun,Andara,Гаара,Mikadzuki,Konan,Большой Брат,Freir,Firebug,ArtiGarPotr,Нагато Пейн,герцогиня,Учиха Хидате,-Uchiha-Artem-,СОНЯ,Izaya Orihara,CM Punk,Канеки Учиха,Торуне,Deathstroke,Garadin,Минато Намикадзе,Pain,_ZeuS_,mazumuz,Младший Брат,треш,Гусь,Djons,Ledi,Сбежавший Учиха,Курама Якумо,Хичиго Широсаки,тихиЙ ужаС,Социопат,LoLka 80 lvl,Brave,Изуки Мидория,Тобирама Сенджу,Кимимаро,ШикамарУ,Г а а р а,Ogawa,zzStop,Последователь,~KiLLeR~,Пчёлка,Alukard,_Призрак_,Mirajane,Mrak,Scifsyyh,Флэш,StanLee,-Sally-,Тендо Нагато,~TITAN~,TheJoker,Хрустальный Лис,Акасуна_но_Сасори,TipS,Корвин,Учиха Обито
20200927,133011,103639,998914,879305,876011,827729,811154,713632,654192,618593,594104,571972,554599,528646,526245,497780,472031,446543,429847,427810,425695,396705,381147,379529,367203,363950,360833,340491,336095,334981,333531,327891,327333,321966,320754,314649,299620,280884,274763,264529,255347,253528,248518,244629,243429,243202,241704,240797,238084,237813,223481,223224,222665,214521,208275,206673,204289,201254,199257,199257,198868,198148,193821,193371,193273,187579,182132,177956,176334,174668,173483,167807,165786,163046,153308,149844,149723,147914,146277,144106,142481,139170,138437,135853,135751,135730,132825,132021,129559,125801,124006,123541,122697,122415,118598,117591,117204,113024,112718,111625
date,Джирайя,Майто Гай,Uchiha Madara,Shisui,Айзен,AloneInTheDark,Rosich,sensey,Юморист,YuRaN III,Мастер ИП,Нет,Сайдзо,Rokyro Rau,Orochimaru,Rock Lee,Хедин,РИДИК,Tayuya,Kira,-Tobi-,Kirishima Touka,KillerNick,misha10x10x,Конс,DeYsTrave,Акабане Карма,Sakata Gintoki,Вулкан,Fludo,_Indra_,Социопат_мл,Vizer fon Ghoul,Леди ангел,Neji Hyuga,Йоши,Ога Тацуми,Silf,Trigun,Andara,Гаара,Mikadzuki,Konan,Большой Брат,Freir,Firebug,ArtiGarPotr,Нагато Пейн,герцогиня,Учиха Хидате,-Uchiha-Artem-,СОНЯ,Izaya Orihara,CM Punk,Канеки Учиха,Торуне,Deathstroke,Garadin,Минато Намикадзе,Pain,_ZeuS_,mazumuz,Младший Брат,треш,Гусь,Djons,Ledi,Сбежавший Учиха,Курама Якумо,Хичиго Широсаки,тихиЙ ужаС,Социопат,LoLka 80 lvl,Brave,Изуки Мидория,Тобирама Сенджу,Кимимаро,ШикамарУ,Г а а р а,Ogawa,zzStop,Последователь,~KiLLeR~,Пчёлка,Alukard,_Призрак_,Mirajane,Mrak,Scifsyyh,Флэш,StanLee,-Sally-,Тендо Нагато,~TITAN~,TheJoker,Хрустальный Лис,Акасуна_но_Сасори,TipS,Корвин,Учиха Обито
20200928,133011,103678,998914,879442,876680,828075,811493,713978,654192,618593,594104,571972,554599,529039,526245,497780,472031,446543,429847,427810,425695,396882,381147,379529,367592,363950,360833,340491,336095,334981,333531,327891,327406,321966,320754,314649,299620,280884,274763,264529,255908,253528,248518,245031,243429,243202,241704,240797,238084,237813,223481,223224,222665,214521,208275,206713,204289,201254,199257,199257,198868,198148,193821,193371,193273,187830,182132,177956,176334,174668,173483,167807,165786,163046,153308,149844,149723,147914,146277,144106,142481,139170,138437,135853,135751,135730,132825,132021,129559,125801,124006,123907,122697,122415,118598,117591,117204,113024,112718,111625
date,Джирайя,Майто Гай,Uchiha Madara,Shisui,Айзен,AloneInTheDark,Rosich,sensey,Юморист,YuRaN III,Мастер ИП,Нет,Сайдзо,Rokyro Rau,Orochimaru,Rock Lee,Хедин,РИДИК,Tayuya,Kira,-Tobi-,Kirishima Touka,KillerNick,misha10x10x,Конс,DeYsTrave,Акабане Карма,Sakata Gintoki,Вулкан,Fludo,_Indra_,Социопат_мл,Vizer fon Ghoul,Леди ангел,Neji Hyuga,Йоши,Ога Тацуми,Silf,Trigun,Andara,Гаара,Mikadzuki,Konan,Большой Брат,Freir,Firebug,ArtiGarPotr,Нагато Пейн,герцогиня,Учиха Хидате,-Uchiha-Artem-,СОНЯ,Izaya Orihara,CM Punk,Канеки Учиха,Торуне,Deathstroke,Garadin,Минато Намикадзе,Pain,_ZeuS_,mazumuz,Младший Брат,треш,Гусь,Djons,Ledi,Сбежавший Учиха,Курама Якумо,Хичиго Широсаки,тихиЙ ужаС,Социопат,LoLka 80 lvl,Brave,Изуки Мидория,Тобирама Сенджу,Кимимаро,ШикамарУ,Г а а р а,Ogawa,zzStop,Последователь,~KiLLeR~,Пчёлка,Alukard,_Призрак_,Mirajane,Mrak,Scifsyyh,Флэш,-Sally-,StanLee,Тендо Нагато,~TITAN~,TheJoker,Хрустальный Лис,Акасуна_но_Сасори,TipS,Корвин,Учиха Обито
20200929,133065,103715,998914,880117,877111,828075,811942,714272,654192,618593,594104,571972,554599,529490,526245,497780,472031,446543,429847,427810,425695,397446,381147,379529,367972,363950,360833,340491,336095,334981,333531,327891,327408,321966,320754,314649,299620,280884,274763,264529,256404,253528,248518,245362,243429,243202,241704,240797,238084,237813,223481,223224,222665,214521,208275,206753,204289,201254,199257,199257,198868,198148,193821,193371,193273,187874,182132,177956,176334,174668,173483,167807,165786,163046,153308,149844,149723,147914,146277,144106,142481,139170,138437,135853,135751,135730,132825,132021,129559,125801,124263,124006,122697,122415,118598,117591,117204,113024,112718,111625
date,Джирайя,Майто Гай,Uchiha Madara,Shisui,Айзен,AloneInTheDark,Rosich,sensey,Юморист,YuRaN III,Мастер ИП,Нет,Сайдзо,Rokyro Rau,Orochimaru,Rock Lee,Хедин,РИДИК,Tayuya,Kira,-Tobi-,Kirishima Touka,KillerNick,misha10x10x,Конс,DeYsTrave,Акабане Карма,Sakata Gintoki,Вулкан,Fludo,_Indra_,Социопат_мл,Vizer fon Ghoul,Леди ангел,Neji Hyuga,Йоши,Ога Тацуми,Silf,Trigun,Andara,Гаара,Mikadzuki,Konan,Большой Брат,Freir,Firebug,ArtiGarPotr,Нагато Пейн,герцогиня,Учиха Хидате,-Uchiha-Artem-,СОНЯ,Izaya Orihara,CM Punk,Канеки Учиха,Торуне,Deathstroke,Garadin,Минато Намикадзе,Pain,_ZeuS_,mazumuz,Младший Брат,треш,Гусь,Djons,Ledi,Сбежавший Учиха,Курама Якумо,Хичиго Широсаки,тихиЙ ужаС,Социопат,LoLka 80 lvl,Brave,Изуки Мидория,Тобирама Сенджу,Кимимаро,ШикамарУ,Г а а р а,Ogawa,zzStop,Последователь,~KiLLeR~,Пчёлка,Alukard,_Призрак_,Mirajane,Mrak,Scifsyyh,Флэш,-Sally-,StanLee,Тендо Нагато,~TITAN~,TheJoker,Хрустальный Лис,Акасуна_но_Сасори,TipS,Корвин,Учиха Обито
20200930,133113,103755,998914,880511,877615,828093,812330,714708,654192,618593,594104,571972,554599,529690,526245,497780,472031,446543,429847,427810,425695,397732,381147,379529,368351,363950,360833,340491,336095,334981,333531,327891,327809,321966,320754,314649,299620,280884,274763,264529,257667,253528,248518,245637,243429,243202,241704,240797,238084,237813,223481,223224,222665,214521,208275,206756,204289,201254,199257,199257,198868,198148,193825,193371,193273,188054,182132,177956,176334,174668,173483,167807,165786,163046,153308,149844,149723,147914,146277,144106,142481,139170,138437,135853,135751,135730,132825,132021,129559,125801,124686,124006,122697,122415,118598,117591,117204,113024,112718,111625
date,Джирайя,Майто Гай,Uchiha Madara,Shisui,Айзен,AloneInTheDark,Rosich,sensey,Юморист,YuRaN III,Мастер ИП,Нет,Сайдзо,Rokyro Rau,Orochimaru,Rock Lee,Хедин,РИДИК,Tayuya,Kira,-Tobi-,Kirishima Touka,KillerNick,misha10x10x,Конс,DeYsTrave,Акабане Карма,Sakata Gintoki,Вулкан,Fludo,_Indra_,Vizer fon Ghoul,Социопат_мл,Леди ангел,Neji Hyuga,Йоши,Ога Тацуми,Silf,Trigun,Andara,Гаара,Mikadzuki,Konan,Большой Брат,Freir,Firebug,ArtiGarPotr,Нагато Пейн,герцогиня,Учиха Хидате,-Uchiha-Artem-,СОНЯ,Izaya Orihara,CM Punk,Канеки Учиха,Торуне,Deathstroke,Garadin,Минато Намикадзе,Pain,_ZeuS_,mazumuz,Младший Брат,треш,Гусь,Djons,Ledi,Сбежавший Учиха,Курама Якумо,Хичиго Широсаки,тихиЙ ужаС,Социопат,LoLka 80 lvl,Brave,Изуки Мидория,Тобирама Сенджу,Кимимаро,ШикамарУ,Г а а р а,Ogawa,zzStop,Последователь,~KiLLeR~,Пчёлка,Alukard,_Призрак_,Mirajane,Mrak,Scifsyyh,Флэш,-Sally-,StanLee,Тендо Нагато,~TITAN~,TheJoker,Хрустальный Лис,Акасуна_но_Сасори,TipS,Корвин,Учиха Обито
20201001,133159,103793,998914,880909,878012,828510,812690,715061,654192,618593,594104,571972,554599,529847,526245,497780,472031,446543,429847,427810,425695,398190,381147,379529,368724,363950,360833,340491,336095,334981,333531,328020,327891,321966,320754,314649,299620,280884,274763,264529,258181,253528,248518,245974,243429,243202,241704,240797,238084,237813,223481,223224,222665,214521,208275,206756,204289,201254,199257,199257,198868,198148,193825,193371,193273,188522,182132,177956,176335,174668,173483,167807,165786,163046,153308,149844,149723,147914,146278,144106,142481,139170,138437,135853,135751,135730,132825,132021,129559,125801,125081,124006,122697,122415,118598,117591,117204,113024,112718,111625
date,Джирайя,Майто Гай,Uchiha Madara,Shisui,Айзен,AloneInTheDark,Rosich,sensey,Юморист,YuRaN III,Мастер ИП,Нет,Сайдзо,Rokyro Rau,Orochimaru,Rock Lee,Хедин,РИДИК,Tayuya,Kira,-Tobi-,Kirishima Touka,KillerNick,misha10x10x,Конс,DeYsTrave,Акабане Карма,Sakata Gintoki,Вулкан,Fludo,_Indra_,Vizer fon Ghoul,Социопат_мл,Леди ангел,Neji Hyuga,Йоши,Ога Тацуми,Silf,Trigun,Andara,Гаара,Mikadzuki,Konan,Большой Брат,Freir,Firebug,ArtiGarPotr,Нагато Пейн,герцогиня,Учиха Хидате,-Uchiha-Artem-,СОНЯ,Izaya Orihara,CM Punk,Канеки Учиха,Торуне,Deathstroke,Garadin,Минато Намикадзе,Pain,_ZeuS_,mazumuz,Младший Брат,треш,Гусь,Djons,Ledi,Сбежавший Учиха,Курама Якумо,Хичиго Широсаки,тихиЙ ужаС,Социопат,LoLka 80 lvl,Brave,Изуки Мидория,Тобирама Сенджу,Кимимаро,ШикамарУ,Г а а р а,Ogawa,zzStop,Последователь,~KiLLeR~,Пчёлка,Alukard,_Призрак_,Mirajane,Mrak,Scifsyyh,Флэш,-Sally-,StanLee,Тендо Нагато,~TITAN~,TheJoker,Хрустальный Лис,Акасуна_но_Сасори,TipS,Корвин,Учиха Обито
20201002,133162,103821,998914,881082,878490,829132,813093,715228,654192,618593,594104,571972,554599,530353,526245,497780,472031,446543,429847,427810,425695,398341,381147,379529,369098,363950,360833,340491,336095,334981,333531,328475,327891,321966,320754,314649,299620,280884,274763,264529,258515,253528,248518,246344,243429,243202,241704,240797,238277,237813,223481,223224,222665,214521,208275,206797,204289,201254,199257,199257,198868,198148,193825,193371,193273,188792,182132,177956,176335,174668,173483,167807,165786,163046,153308,149844,149723,147914,146278,144106,142481,139170,138437,135853,135751,135730,132825,132021,129559,125801,125436,124006,122697,122415,118598,117591,117204,113024,112718,111625
date,Джирайя,Майто Гай,Uchiha Madara,Shisui,Айзен,AloneInTheDark,Rosich,sensey,Юморист,YuRaN III,Мастер ИП,Нет,Сайдзо,Rokyro Rau,Orochimaru,Rock Lee,Хедин,РИДИК,Tayuya,Kira,-Tobi-,Kirishima Touka,KillerNick,misha10x10x,Конс,DeYsTrave,Акабане Карма,Sakata Gintoki,Вулкан,Fludo,_Indra_,Vizer fon Ghoul,Социопат_мл,Леди ангел,Neji Hyuga,Йоши,Ога Тацуми,Silf,Trigun,Andara,Гаара,Mikadzuki,Konan,Большой Брат,Freir,Firebug,ArtiGarPotr,Нагато Пейн,герцогиня,Учиха Хидате,-Uchiha-Artem-,СОНЯ,Izaya Orihara,CM Punk,Канеки Учиха,Торуне,Deathstroke,Garadin,Минато Намикадзе,Pain,_ZeuS_,mazumuz,Младший Брат,треш,Гусь,Djons,Ledi,Сбежавший Учиха,Курама Якумо,Хичиго Широсаки,тихиЙ ужаС,Социопат,LoLka 80 lvl,Brave,Изуки Мидория,Тобирама Сенджу,Кимимаро,ШикамарУ,Г а а р а,Ogawa,zzStop,Последователь,~KiLLeR~,Пчёлка,Alukard,_Призрак_,Mirajane,Mrak,Scifsyyh,Флэш,-Sally-,StanLee,Тендо Нагато,~TITAN~,TheJoker,Хрустальный Лис,Акасуна_но_Сасори,TipS,Корвин,Учиха Обито
20201003,133209,103869,998914,881537,878935,829509,813498,715796,654192,618593,594104,571972,554599,530418,526245,497780,472031,446543,429847,427810,425695,398507,381147,379529,369452,363950,360833,340491,336095,334981,333531,328918,327891,321966,320754,314649,299620,280884,274763,264529,258906,253528,248518,246966,243429,243202,241704,240797,238409,237813,223481,223224,222665,214521,208275,206837,204289,201254,199257,199257,198868,198148,193825,193371,193273,189265,182132,177956,176335,174668,173483,167807,165786,163046,153308,149844,149723,147914,146278,144106,142481,139170,138437,135853,135751,135730,132825,132021,129559,125801,125793,124006,122697,122415,118598,117591,117204,113024,112718,111625
date,Джирайя,Майто Гай,Uchiha Madara,Shisui,Айзен,AloneInTheDark,Rosich,sensey,Юморист,YuRaN III,Мастер ИП,Нет,Сайдзо,Rokyro Rau,Orochimaru,Rock Lee,Хедин,РИДИК,Tayuya,Kira,-Tobi-,Kirishima Touka,KillerNick,misha10x10x,Конс,DeYsTrave,Акабане Карма,Sakata Gintoki,Вулкан,Fludo,_Indra_,Vizer fon Ghoul,Социопат_мл,Леди ангел,Neji Hyuga,Йоши,Ога Тацуми,Silf,Trigun,Andara,Гаара,Mikadzuki,Konan,Большой Брат,Freir,Firebug,ArtiGarPotr,Нагато Пейн,герцогиня,Учиха Хидате,-Uchiha-Artem-,СОНЯ,Izaya Orihara,CM Punk,Канеки Учиха,Торуне,Deathstroke,Garadin,Минато Намикадзе,Pain,_ZeuS_,mazumuz,Младший Брат,треш,Гусь,Djons,Ledi,Сбежавший Учиха,Курама Якумо,Хичиго Широсаки,тихиЙ ужаС,Социопат,LoLka 80 lvl,Brave,Изуки Мидория,Тобирама Сенджу,Кимимаро,ШикамарУ,Г а а р а,Ogawa,zzStop,Последователь,~KiLLeR~,Пчёлка,Alukard,_Призрак_,Mirajane,Mrak,Scifsyyh,-Sally-,Флэш,StanLee,Тендо Нагато,~TITAN~,TheJoker,Хрустальный Лис,Акасуна_но_Сасори,TipS,Корвин,Учиха Обито
20201004,133209,103910,998914,881927,879428,829853,813824,716151,654192,618593,594104,571972,554599,530597,526245,497780,472031,446543,429847,427810,425695,399159,381147,379529,369813,363950,360833,340491,336095,334981,333531,329365,327891,321966,320754,314649,299620,280884,274763,264529,258906,253528,248518,247350,243429,243202,241704,240797,238569,237813,223481,223224,222665,214521,208275,206877,204289,201254,199257,199257,198868,198148,193825,193371,193273,189611,182132,177956,176335,174668,173483,167807,165786,163046,153308,149844,149723,147914,146278,144106,142481,139170,138437,135853,135751,135730,132825,132021,129559,126144,125801,124006,122697,122415,118598,117591,117204,113024,112718,111625
date,Джирайя,Майто Гай,Uchiha Madara,Shisui,Айзен,AloneInTheDark,Rosich,sensey,Юморист,YuRaN III,Мастер ИП,Нет,Сайдзо,Rokyro Rau,Orochimaru,Rock Lee,Хедин,РИДИК,Tayuya,Kira,-Tobi-,Kirishima Touka,KillerNick,misha10x10x,Конс,DeYsTrave,Акабане Карма,Sakata Gintoki,Вулкан,Fludo,_Indra_,Vizer fon Ghoul,Социопат_мл,Леди ангел,Neji Hyuga,Йоши,Ога Тацуми,Silf,Trigun,Andara,Гаара,Mikadzuki,Konan,Большой Брат,Freir,Firebug,ArtiGarPotr,Нагато Пейн,герцогиня,Учиха Хидате,-Uchiha-Artem-,СОНЯ,Izaya Orihara,CM Punk,Канеки Учиха,Торуне,Deathstroke,Garadin,Минато Намикадзе,Pain,_ZeuS_,mazumuz,Младший Брат,треш,Гусь,Djons,Ledi,Сбежавший Учиха,Курама Якумо,Хичиго Широсаки,тихиЙ ужаС,Социопат,LoLka 80 lvl,Brave,Изуки Мидория,Тобирама Сенджу,Кимимаро,ШикамарУ,Г а а р а,Ogawa,zzStop,Последователь,~KiLLeR~,Пчёлка,Alukard,_Призрак_,Mirajane,Mrak,Scifsyyh,-Sally-,Флэш,StanLee,Тендо Нагато,~TITAN~,TheJoker,Хрустальный Лис,Акасуна_но_Сасори,TipS,Корвин,Учиха Обито
20201005,133209,103950,998914,882558,879883,830219,814232,716430,654192,618593,594104,571972,554599,531283,526245,497780,472031,446543,429847,427810,425695,399698,381147,379529,370223,363950,360833,340491,336095,334981,333531,329568,327891,321966,320754,314649,299620,280884,274763,264529,259542,253528,248518,247633,243429,243202,241704,240797,238635,237813,223481,223224,222665,214521,208275,206877,204289,201254,199257,199257,198868,198148,193825,193371,193273,189771,182132,177956,176335,174668,173483,167807,165786,163046,153308,149844,149723,147914,146278,144106,142481,139170,138437,135853,135751,135730,132825,132021,129559,126500,125801,124006,122697,122415,118598,117591,117204,113024,112718,111625
date,Джирайя,Майто Гай,Uchiha Madara,Shisui,Айзен,AloneInTheDark,Rosich,sensey,Юморист,YuRaN III,Мастер ИП,Нет,Сайдзо,Rokyro Rau,Orochimaru,Rock Lee,Хедин,РИДИК,Tayuya,Kira,-Tobi-,Kirishima Touka,KillerNick,misha10x10x,Конс,DeYsTrave,Акабане Карма,Sakata Gintoki,Вулкан,Fludo,_Indra_,Vizer fon Ghoul,Социопат_мл,Леди ангел,Neji Hyuga,Йоши,Ога Тацуми,Silf,Trigun,Andara,Гаара,Mikadzuki,Konan,Большой Брат,Freir,Firebug,ArtiGarPotr,Нагато Пейн,герцогиня,Учиха Хидате,-Uchiha-Artem-,СОНЯ,Izaya Orihara,CM Punk,Канеки Учиха,Торуне,Deathstroke,Garadin,Минато Намикадзе,Pain,_ZeuS_,mazumuz,Младший Брат,треш,Гусь,Djons,Ledi,Сбежавший Учиха,Курама Якумо,Хичиго Широсаки,тихиЙ ужаС,Социопат,LoLka 80 lvl,Brave,Изуки Мидория,Тобирама Сенджу,Кимимаро,ШикамарУ,Г а а р а,Ogawa,zzStop,Последователь,~KiLLeR~,Пчёлка,Alukard,_Призрак_,Mirajane,Mrak,Scifsyyh,-Sally-,Флэш,StanLee,Тендо Нагато,~TITAN~,TheJoker,Хрустальный Лис,Акасуна_но_Сасори,TipS,Корвин,Учиха Обито
20201006,133209,103989,998914,882704,880293,830472,814232,716862,654192,618593,594104,571972,554599,531435,526245,497780,472031,446543,429847,427810,425695,399700,381147,379529,370541,363950,360833,340491,336095,334981,333531,329583,327891,321966,320754,314649,299620,280884,274763,264529,259542,253528,248518,248171,243429,243202,241704,240797,238635,237813,223481,223224,222665,214521,208275,206877,204289,201254,199257,199257,198868,198148,193825,193371,193273,190102,182132,177956,176335,174668,173483,167807,165786,163046,153308,149844,149723,147914,146279,144106,142481,139170,138437,135853,135751,135730,132825,132021,129559,126500,125801,124006,122698,122415,118598,117591,117204,113024,112718,111625
date,Джирайя,Майто Гай,Uchiha Madara,Shisui,Айзен,AloneInTheDark,Rosich,sensey,Юморист,YuRaN III,Мастер ИП,Нет,Сайдзо,Rokyro Rau,Orochimaru,Rock Lee,Хедин,РИДИК,Tayuya,Kira,-Tobi-,Kirishima Touka,KillerNick,misha10x10x,Конс,DeYsTrave,Акабане Карма,Sakata Gintoki,Вулкан,Fludo,_Indra_,Vizer fon Ghoul,Социопат_мл,Леди ангел,Neji Hyuga,Йоши,Ога Тацуми,Silf,Trigun,Andara,Гаара,Mikadzuki,Konan,Большой Брат,Freir,Firebug,ArtiGarPotr,Нагато Пейн,герцогиня,Учиха Хидате,-Uchiha-Artem-,СОНЯ,Izaya Orihara,CM Punk,Канеки Учиха,Торуне,Deathstroke,Garadin,Минато Намикадзе,Pain,_ZeuS_,mazumuz,Младший Брат,треш,Гусь,Djons,Ledi,Сбежавший Учиха,Курама Якумо,Хичиго Широсаки,тихиЙ ужаС,Социопат,LoLka 80 lvl,Brave,Изуки Мидория,Тобирама Сенджу,Кимимаро,ШикамарУ,Г а а р а,Ogawa,zzStop,Последователь,~KiLLeR~,Пчёлка,Alukard,_Призрак_,Mirajane,Mrak,Scifsyyh,-Sally-,Флэш,StanLee,Тендо Нагато,~TITAN~,TheJoker,Хрустальный Лис,Акасуна_но_Сасори,TipS,Корвин,Учиха Обито
20201007,133266,104028,998914,883215,880686,830992,814232,717223,654192,618593,594104,571972,554599,532043,526245,497780,472031,446543,429847,427810,425695,399700,381147,379529,370909,363950,360833,340491,336095,334981,333531,330039,327891,321966,320754,314649,299620,280884,274763,264529,259925,253528,248518,248375,243429,243202,241704,240797,238640,237813,223481,223224,222665,214521,208275,206877,204289,201254,199257,199257,198868,198148,193825,193371,193273,190659,182132,177956,176335,174668,173483,167807,165786,163046,153308,149844,149723,147914,146280,144106,142481,139170,138437,135853,135751,135730,132825,132021,129559,126500,125801,124006,122699,122415,118598,117591,117204,113024,112718,111625
date,Джирайя,Майто Гай,Uchiha Madara,Shisui,Айзен,AloneInTheDark,Rosich,sensey,Юморист,YuRaN III,Мастер ИП,Нет,Сайдзо,Rokyro Rau,Orochimaru,Rock Lee,Хедин,РИДИК,Tayuya,Kira,-Tobi-,Kirishima Touka,KillerNick,misha10x10x,Конс,DeYsTrave,Акабане Карма,Sakata Gintoki,Вулкан,Fludo,_Indra_,Vizer fon Ghoul,Социопат_мл,Леди ангел,Neji Hyuga,Йоши,Ога Тацуми,Silf,Trigun,Andara,Гаара,Mikadzuki,Большой Брат,Konan,Freir,Firebug,ArtiGarPotr,Нагато Пейн,герцогиня,Учиха Хидате,-Uchiha-Artem-,СОНЯ,Izaya Orihara,CM Punk,Канеки Учиха,Торуне,Deathstroke,Garadin,Минато Намикадзе,Pain,_ZeuS_,mazumuz,Младший Брат,треш,Гусь,Djons,Ledi,Сбежавший Учиха,Курама Якумо,Хичиго Широсаки,тихиЙ ужаС,Социопат,LoLka 80 lvl,Brave,Изуки Мидория,Тобирама Сенджу,Кимимаро,ШикамарУ,Г а а р а,Ogawa,zzStop,Последователь,~KiLLeR~,Пчёлка,Alukard,_Призрак_,Mirajane,Mrak,Scifsyyh,-Sally-,Флэш,StanLee,Тендо Нагато,~TITAN~,TheJoker,Хрустальный Лис,Акасуна_но_Сасори,TipS,Корвин,Учиха Обито
20201008,133266,104067,998914,883360,881096,831380,814232,717571,654192,618593,594104,571972,554599,532419,526245,497780,472031,446543,429847,427810,425695,399700,381147,379529,371346,363950,360833,340491,336095,334981,333531,330472,327891,321966,320754,314649,299620,280884,274763,264529,259985,253528,248827,248518,243429,243202,241704,240797,238640,237813,223481,223224,222665,214521,208275,206877,204289,201254,199257,199257,198868,198148,193825,193371,193273,190994,182132,177956,176335,174668,173483,167807,165786,163046,153308,149844,149723,147914,146281,144106,142481,139170,138437,135853,135751,135730,132825,132021,129559,126500,125801,124006,122701,122415,118598,117591,117204,113024,112718,111625
date,Джирайя,Майто Гай,Uchiha Madara,Shisui,Айзен,AloneInTheDark,Rosich,sensey,Юморист,YuRaN III,Мастер ИП,Нет,Сайдзо,Rokyro Rau,Orochimaru,Rock Lee,Хедин,РИДИК,Tayuya,Kira,-Tobi-,Kirishima Touka,KillerNick,misha10x10x,Конс,DeYsTrave,Акабане Карма,Sakata Gintoki,Вулкан,Fludo,_Indra_,Vizer fon Ghoul,Социопат_мл,Леди ангел,Neji Hyuga,Йоши,Ога Тацуми,Silf,Trigun,Andara,Гаара,Mikadzuki,Большой Брат,Konan,Freir,Firebug,ArtiGarPotr,Нагато Пейн,герцогиня,Учиха Хидате,-Uchiha-Artem-,СОНЯ,Izaya Orihara,CM Punk,Канеки Учиха,Торуне,Deathstroke,Garadin,Минато Намикадзе,Pain,_ZeuS_,mazumuz,Младший Брат,треш,Гусь,Djons,Ledi,Сбежавший Учиха,Курама Якумо,Хичиго Широсаки,тихиЙ ужаС,Социопат,LoLka 80 lvl,Brave,Изуки Мидория,Тобирама Сенджу,Кимимаро,ШикамарУ,Г а а р а,Ogawa,zzStop,Последователь,~KiLLeR~,Пчёлка,Alukard,_Призрак_,Mirajane,Mrak,Scifsyyh,-Sally-,Флэш,StanLee,Тендо Нагато,~TITAN~,TheJoker,Хрустальный Лис,Акасуна_но_Сасори,TipS,Корвин,Учиха Обито
20201009,133266,104107,998914,883812,881501,831761,814232,717950,654192,618593,594104,571972,554599,532792,526245,497780,472031,446543,429847,427810,425695,399700,381147,379529,371630,363950,360833,340491,336095,334981,333531,330849,327891,321966,320754,314649,299620,280884,274763,264529,260661,253528,249073,248518,243429,243202,241704,240797,238640,237813,223481,223224,222665,214521,208275,206877,204289,201254,199257,199257,198868,198148,193825,193371,193273,191312,182132,177956,176335,174668,173483,167807,165786,163046,153308,149844,149723,147914,146282,144106,142481,139171,138437,135853,135751,135730,132825,132021,129559,126500,125801,124006,122702,122415,118598,117591,117204,113024,112718,111625
date,Джирайя,Майто Гай,Uchiha Madara,Shisui,Айзен,AloneInTheDark,Rosich,sensey,Юморист,YuRaN III,Мастер ИП,Нет,Сайдзо,Rokyro Rau,Orochimaru,Rock Lee,Хедин,РИДИК,Tayuya,Kira,-Tobi-,Kirishima Touka,KillerNick,misha10x10x,Конс,DeYsTrave,Акабане Карма,Sakata Gintoki,Вулкан,Fludo,_Indra_,Vizer fon Ghoul,Социопат_мл,Леди ангел,Neji Hyuga,Йоши,Ога Тацуми,Silf,Trigun,Andara,Гаара,Mikadzuki,Большой Брат,Konan,Freir,Firebug,ArtiGarPotr,Нагато Пейн,герцогиня,Учиха Хидате,-Uchiha-Artem-,СОНЯ,Izaya Orihara,CM Punk,Канеки Учиха,Торуне,Deathstroke,Garadin,Минато Намикадзе,Pain,_ZeuS_,mazumuz,Младший Брат,треш,Гусь,Djons,Ledi,Сбежавший Учиха,Курама Якумо,Хичиго Широсаки,тихиЙ ужаС,Социопат,LoLka 80 lvl,Brave,Изуки Мидория,Тобирама Сенджу,Кимимаро,ШикамарУ,Г а а р а,Ogawa,zzStop,Последователь,~KiLLeR~,Пчёлка,Alukard,_Призрак_,Mirajane,Mrak,Scifsyyh,-Sally-,Флэш,StanLee,Тендо Нагато,~TITAN~,TheJoker,Хрустальный Лис,Акасуна_но_Сасори,TipS,Корвин,Учиха Обито
20201010,133302,104147,998914,884427,881958,832018,814700,718315,654192,618593,594104,571972,554599,533172,526245,497780,472031,446543,429847,427810,425695,399700,381147,379529,371973,363950,360833,340491,336095,334981,333531,331294,327891,321966,320754,314649,299620,280884,274763,264529,261048,253528,249400,248518,243429,243202,241704,240797,238640,237813,223481,223224,222665,214521,208275,207260,204289,201254,199257,199257,198868,198148,193825,193371,193273,191673,182132,177956,176335,174668,173483,167807,165786,163046,153308,149844,149723,147914,146282,144106,142481,139171,138437,135853,135751,135730,132825,132021,129559,126500,125801,124006,122702,122415,118598,117591,117204,113024,112718,111625
date,Джирайя,Майто Гай,Uchiha Madara,Shisui,Айзен,AloneInTheDark,Rosich,sensey,Юморист,YuRaN III,Мастер ИП,Нет,Сайдзо,Rokyro Rau,Orochimaru,Rock Lee,Хедин,РИДИК,Tayuya,Kira,-Tobi-,Kirishima Touka,KillerNick,misha10x10x,Конс,DeYsTrave,Акабане Карма,Sakata Gintoki,Вулкан,Fludo,_Indra_,Vizer fon Ghoul,Социопат_мл,Леди ангел,Neji Hyuga,Йоши,Ога Тацуми,Silf,Trigun,Andara,Гаара,Mikadzuki,Большой Брат,Konan,Freir,Firebug,ArtiGarPotr,Нагато Пейн,герцогиня,Учиха Хидате,-Uchiha-Artem-,СОНЯ,Izaya Orihara,CM Punk,Канеки Учиха,Торуне,Deathstroke,Garadin,Минато Намикадзе,Pain,_ZeuS_,mazumuz,Младший Брат,треш,Гусь,Djons,Ledi,Сбежавший Учиха,Курама Якумо,Хичиго Широсаки,тихиЙ ужаС,Социопат,LoLka 80 lvl,Brave,Изуки Мидория,Тобирама Сенджу,Кимимаро,ШикамарУ,Г а а р а,Ogawa,zzStop,Последователь,~KiLLeR~,Пчёлка,Alukard,_Призрак_,Mirajane,Mrak,Scifsyyh,-Sally-,Флэш,StanLee,Тендо Нагато,~TITAN~,TheJoker,Хрустальный Лис,Акасуна_но_Сасори,TipS,Корвин,Учиха Обито
20201011,133302,104186,998914,884581,882372,832489,814700,718640,654192,618593,594104,571972,554599,533561,526245,497780,472031,446543,429847,427810,425695,399700,381147,379529,372392,363950,360833,340491,336095,334981,333531,331670,327891,321966,320754,314649,299620,280884,274763,264529,261048,253528,249980,248518,243429,243202,241704,240797,238640,237813,223481,223224,222665,214521,208275,207681,204289,201254,199257,199257,198868,198148,193825,193371,193273,192012,182132,177956,176335,174668,173483,167807,165786,163046,153308,149844,149723,147914,146282,144106,142481,139171,138437,135853,135751,135730,132825,132021,129559,126500,125801,124006,122702,122415,118598,117591,117204,113024,112718,111625
date,Джирайя,Майто Гай,Uchiha Madara,Shisui,Айзен,AloneInTheDark,Rosich,sensey,Юморист,YuRaN III,Мастер ИП,Нет,Сайдзо,Rokyro Rau,Orochimaru,Rock Lee,Хедин,РИДИК,Tayuya,Kira,-Tobi-,Kirishima Touka,KillerNick,misha10x10x,Конс,DeYsTrave,Акабане Карма,Sakata Gintoki,Вулкан,Fludo,_Indra_,Vizer fon Ghoul,Социопат_мл,Леди ангел,Neji Hyuga,Йоши,Ога Тацуми,Silf,Trigun,Andara,Гаара,Mikadzuki,Большой Брат,Konan,Freir,Firebug,ArtiGarPotr,Нагато Пейн,герцогиня,Учиха Хидате,-Uchiha-Artem-,СОНЯ,Izaya Orihara,CM Punk,Канеки Учиха,Торуне,Deathstroke,Garadin,Минато Намикадзе,Pain,_ZeuS_,mazumuz,Младший Брат,треш,Гусь,Djons,Ledi,Сбежавший Учиха,Курама Якумо,Хичиго Широсаки,тихиЙ ужаС,Социопат,LoLka 80 lvl,Brave,Изуки Мидория,Тобирама Сенджу,Кимимаро,ШикамарУ,Г а а р а,Ogawa,zzStop,Последователь,~KiLLeR~,Пчёлка,Alukard,_Призрак_,Mirajane,Mrak,Scifsyyh,-Sally-,Флэш,StanLee,Тендо Нагато,~TITAN~,TheJoker,Хрустальный Лис,Акасуна_но_Сасори,TipS,Корвин,Учиха Обито
20201012,133302,104210,998914,884581,882542,832524,815103,718733,654192,618593,594104,571972,554599,533706,526245,497780,472031,446543,429847,427810,425695,399700,381147,379529,372392,363950,360833,340491,336095,334981,333531,331917,327891,321966,320754,314649,299620,280884,274763,264529,261048,253528,250034,248518,243429,243202,241704,240797,238640,237813,223481,223224,222665,214521,208275,207681,204289,201254,199257,199257,198868,198148,193825,193371,193273,192208,182132,177956,176335,174668,173483,167807,165786,163046,153308,149844,149723,147914,146283,144106,142481,139171,138437,135853,135751,135730,132825,132021,129559,126500,125801,124006,122703,122415,118598,117591,117204,113024,112718,111625
date,Джирайя,Майто Гай,Uchiha Madara,Shisui,Айзен,AloneInTheDark,Rosich,sensey,Юморист,YuRaN III,Мастер ИП,Нет,Сайдзо,Rokyro Rau,Orochimaru,Rock Lee,Хедин,РИДИК,Tayuya,Kira,-Tobi-,Kirishima Touka,KillerNick,misha10x10x,Конс,DeYsTrave,Акабане Карма,Sakata Gintoki,Вулкан,Fludo,_Indra_,Vizer fon Ghoul,Социопат_мл,Леди ангел,Neji Hyuga,Йоши,Ога Тацуми,Silf,Trigun,Andara,Гаара,Mikadzuki,Большой Брат,Konan,Freir,Firebug,ArtiGarPotr,Нагато Пейн,герцогиня,Учиха Хидате,-Uchiha-Artem-,СОНЯ,Izaya Orihara,CM Punk,Канеки Учиха,Торуне,Deathstroke,Garadin,Минато Намикадзе,Pain,_ZeuS_,mazumuz,Младший Брат,треш,Гусь,Djons,Ledi,Сбежавший Учиха,Курама Якумо,Хичиго Широсаки,тихиЙ ужаС,Социопат,LoLka 80 lvl,Brave,Изуки Мидория,Тобирама Сенджу,Кимимаро,ШикамарУ,Г а а р а,Ogawa,zzStop,Последователь,~KiLLeR~,Пчёлка,Alukard,_Призрак_,Mirajane,Mrak,Scifsyyh,-Sally-,Флэш,StanLee,Тендо Нагато,~TITAN~,TheJoker,Хрустальный Лис,Акасуна_но_Сасори,TipS,Корвин,Учиха Обито
20201013,133302,104278,998958,885046,883235,832677,815103,719330,654192,618593,594104,571972,554599,533878,526245,497780,472031,446543,429847,427810,425695,399700,381147,379529,372996,363950,360833,340491,336095,334981,333531,331918,327891,321966,320754,314649,299620,280884,274763,264529,261462,253528,250292,248518,243429,243202,241704,240797,238640,237813,223481,223224,222665,214521,208275,208262,204289,201254,199257,199257,198868,198148,193825,193371,193273,192208,182132,177956,176335,174668,173483,167807,165786,163046,153308,149844,149723,147914,146295,144106,142481,139171,138437,135853,135751,135730,132825,132021,129559,126500,125801,124006,122710,122415,118598,117591,117204,113024,112718,111625
date,Джирайя,Майто Гай,Uchiha Madara,Shisui,Айзен,AloneInTheDark,Rosich,sensey,Юморист,YuRaN III,Мастер ИП,Нет,Сайдзо,Rokyro Rau,Orochimaru,Rock Lee,Хедин,РИДИК,Tayuya,Kira,-Tobi-,Kirishima Touka,KillerNick,misha10x10x,Конс,DeYsTrave,Акабане Карма,Sakata Gintoki,Вулкан,Fludo,_Indra_,Vizer fon Ghoul,Социопат_мл,Леди ангел,Neji Hyuga,Йоши,Ога Тацуми,Silf,Trigun,Andara,Гаара,Mikadzuki,Большой Брат,Konan,Freir,Firebug,ArtiGarPotr,Нагато Пейн,герцогиня,Учиха Хидате,-Uchiha-Artem-,СОНЯ,Izaya Orihara,CM Punk,Торуне,Канеки Учиха,Deathstroke,Garadin,Минато Намикадзе,Pain,_ZeuS_,mazumuz,Младший Брат,треш,Гусь,Djons,Ledi,Сбежавший Учиха,Курама Якумо,Хичиго Широсаки,тихиЙ ужаС,Социопат,LoLka 80 lvl,Brave,Изуки Мидория,Тобирама Сенджу,Кимимаро,ШикамарУ,Г а а р а,Ogawa,zzStop,Последователь,~KiLLeR~,Пчёлка,Alukard,_Призрак_,Mirajane,Mrak,Scifsyyh,-Sally-,Флэш,StanLee,Тендо Нагато,~TITAN~,TheJoker,Хрустальный Лис,Акасуна_но_Сасори,TipS,Корвин,Учиха Обито
20201014,133306,104319,998958,885452,883739,833085,815103,719752,654192,618593,594104,571972,554599,534297,526245,497780,472031,446543,429847,427810,425695,399700,381147,379529,373465,363950,360833,340491,336095,334981,333531,332017,327891,321966,320754,314649,299620,280884,274763,264529,261842,253528,250625,248518,243429,243202,241704,240797,238640,237813,223481,223224,222665,214521,208605,208275,204289,201254,199257,199257,198868,198148,193825,193371,193273,192208,182132,177956,176335,174668,173483,167807,165786,163046,153308,149844,149723,147914,146297,144106,142481,139171,138437,135853,135751,135730,132825,132021,129559,126500,125801,124006,122713,122415,118598,117591,117204,113024,112718,111625
date,Джирайя,Майто Гай,Uchiha Madara,Shisui,Айзен,AloneInTheDark,Rosich,sensey,Юморист,YuRaN III,Мастер ИП,Нет,Сайдзо,Rokyro Rau,Orochimaru,Rock Lee,Хедин,РИДИК,Tayuya,Kira,-Tobi-,Kirishima Touka,KillerNick,misha10x10x,Конс,DeYsTrave,Акабане Карма,Sakata Gintoki,Вулкан,Fludo,_Indra_,Vizer fon Ghoul,Социопат_мл,Леди ангел,Neji Hyuga,Йоши,Ога Тацуми,Silf,Trigun,Andara,Гаара,Mikadzuki,Большой Брат,Konan,Freir,Firebug,ArtiGarPotr,Нагато Пейн,герцогиня,Учиха Хидате,-Uchiha-Artem-,СОНЯ,Izaya Orihara,CM Punk,Торуне,Канеки Учиха,Deathstroke,Garadin,Минато Намикадзе,Pain,_ZeuS_,mazumuz,Младший Брат,треш,Гусь,Djons,Ledi,Сбежавший Учиха,Курама Якумо,Хичиго Широсаки,тихиЙ ужаС,Социопат,LoLka 80 lvl,Brave,Изуки Мидория,Тобирама Сенджу,Кимимаро,ШикамарУ,Г а а р а,Ogawa,zzStop,Последователь,~KiLLeR~,Пчёлка,Alukard,_Призрак_,Mirajane,Mrak,Scifsyyh,-Sally-,Флэш,StanLee,Тендо Нагато,~TITAN~,TheJoker,Хрустальный Лис,Акасуна_но_Сасори,TipS,Корвин,Учиха Обито
20201015,133306,104358,998958,886218,884334,833085,815103,720106,654192,618593,594104,571972,554599,534403,526245,497780,472031,446543,429847,427810,425695,399700,381147,379529,373906,363950,360833,340491,336095,334981,333531,332457,327891,321966,320754,314649,299620,280884,274763,264529,261842,253528,251035,248518,243429,243202,241704,240797,238640,237813,223481,223224,222665,214521,208908,208275,204289,201254,199257,199257,198868,198148,193825,193371,193273,192209,182132,177956,176335,174668,173483,167807,165786,163046,153308,149844,149723,147914,146299,144106,142481,139171,138437,135853,135751,135730,132825,132021,129559,126500,125801,124006,122717,122415,118598,117591,117204,113024,112718,111625
date,Джирайя,Майто Гай,Uchiha Madara,Shisui,Айзен,AloneInTheDark,Rosich,sensey,Юморист,YuRaN III,Мастер ИП,Нет,Сайдзо,Rokyro Rau,Orochimaru,Rock Lee,Хедин,РИДИК,Tayuya,Kira,-Tobi-,Kirishima Touka,KillerNick,misha10x10x,Конс,DeYsTrave,Акабане Карма,Sakata Gintoki,Вулкан,Fludo,_Indra_,Vizer fon Ghoul,Социопат_мл,Леди ангел,Neji Hyuga,Йоши,Ога Тацуми,Silf,Trigun,Andara,Гаара,Mikadzuki,Большой Брат,Konan,Freir,Firebug,ArtiGarPotr,Нагато Пейн,герцогиня,Учиха Хидате,-Uchiha-Artem-,СОНЯ,Izaya Orihara,CM Punk,Торуне,Канеки Учиха,Deathstroke,Garadin,Минато Намикадзе,Pain,_ZeuS_,mazumuz,Младший Брат,треш,Гусь,Djons,Ledi,Сбежавший Учиха,Курама Якумо,Хичиго Широсаки,тихиЙ ужаС,Социопат,LoLka 80 lvl,Brave,Изуки Мидория,Тобирама Сенджу,Кимимаро,ШикамарУ,Г а а р а,Ogawa,zzStop,Последователь,~KiLLeR~,Пчёлка,Alukard,_Призрак_,Mirajane,Mrak,Scifsyyh,-Sally-,Флэш,StanLee,Тендо Нагато,~TITAN~,TheJoker,Хрустальный Лис,Акасуна_но_Сасори,TipS,Корвин,Учиха Обито
20201016,133306,104396,998958,886237,885254,833134,815103,720475,654192,618593,594104,571972,554599,534666,526245,497780,472031,446543,429847,427810,425695,399700,381147,379529,374259,363950,360833,340491,336095,334981,333531,332868,327891,321966,320754,314649,299620,280884,274763,264529,262364,253528,251553,248518,243429,243202,241704,240797,238640,237813,223481,223224,222665,214521,209383,208275,204289,201254,199257,199257,198868,198148,193825,193371,193273,192478,182132,177956,176335,174668,173483,167807,165786,163046,153308,149844,149723,147914,146300,144106,142481,139171,138437,135853,135751,135730,132825,132021,129559,126500,125801,124006,122718,122415,118598,117591,117204,113024,112718,111625
date,Джирайя,Майто Гай,Uchiha Madara,Shisui,Айзен,AloneInTheDark,Rosich,sensey,Юморист,YuRaN III,Мастер ИП,Нет,Сайдзо,Rokyro Rau,Orochimaru,Rock Lee,Хедин,РИДИК,Tayuya,Kira,-Tobi-,Kirishima Touka,KillerNick,misha10x10x,Конс,DeYsTrave,Акабане Карма,Sakata Gintoki,Вулкан,Fludo,_Indra_,Vizer fon Ghoul,Социопат_мл,Леди ангел,Neji Hyuga,Йоши,Ога Тацуми,Silf,Trigun,Andara,Гаара,Mikadzuki,Большой Брат,Konan,Freir,Firebug,ArtiGarPotr,Нагато Пейн,герцогиня,Учиха Хидате,-Uchiha-Artem-,СОНЯ,Izaya Orihara,CM Punk,Торуне,Канеки Учиха,Deathstroke,Garadin,Минато Намикадзе,Pain,_ZeuS_,mazumuz,Младший Брат,треш,Гусь,Djons,Ledi,Сбежавший Учиха,Курама Якумо,Хичиго Широсаки,тихиЙ ужаС,Социопат,LoLka 80 lvl,Brave,Изуки Мидория,Тобирама Сенджу,Кимимаро,ШикамарУ,Г а а р а,Ogawa,zzStop,Последователь,~KiLLeR~,Пчёлка,Alukard,_Призрак_,Mirajane,Mrak,Scifsyyh,-Sally-,Флэш,StanLee,Тендо Нагато,~TITAN~,TheJoker,Хрустальный Лис,Акасуна_но_Сасори,TipS,Корвин,Учиха Обито
20201017,133307,104435,998958,886763,885684,833195,815103,720844,654192,618593,594104,571972,554599,535280,526245,497780,472031,446544,429847,427810,425695,399700,381147,379529,374334,363950,360833,340491,336095,334981,333531,333299,327891,321966,320754,314649,299620,280884,274763,264529,262754,253528,251698,248518,243429,243202,241704,240797,238640,237813,223481,223224,222665,214521,209575,208275,204289,201254,199257,199257,198868,198148,193825,193371,193273,192974,182132,177956,176335,174668,173483,167807,165786,163046,153308,149844,149723,147914,146302,144106,142481,139171,138437,135853,135751,135730,132825,132021,129559,126500,125801,124006,122721,122415,118598,117591,117204,113024,112718,111625
date,Джирайя,Майто Гай,Uchiha Madara,Shisui,Айзен,AloneInTheDark,Rosich,sensey,Юморист,YuRaN III,Мастер ИП,Нет,Сайдзо,Rokyro Rau,Orochimaru,Rock Lee,Хедин,РИДИК,Tayuya,Kira,-Tobi-,Kirishima Touka,KillerNick,misha10x10x,Конс,DeYsTrave,Акабане Карма,Sakata Gintoki,Вулкан,Fludo,Vizer fon Ghoul,_Indra_,Социопат_мл,Леди ангел,Neji Hyuga,Йоши,Ога Тацуми,Silf,Trigun,Andara,Гаара,Mikadzuki,Большой Брат,Konan,Freir,Firebug,ArtiGarPotr,Нагато Пейн,герцогиня,Учиха Хидате,-Uchiha-Artem-,СОНЯ,Izaya Orihara,CM Punk,Торуне,Канеки Учиха,Deathstroke,Garadin,Минато Намикадзе,Pain,_ZeuS_,mazumuz,Младший Брат,треш,Djons,Гусь,Ledi,Сбежавший Учиха,Курама Якумо,Хичиго Широсаки,тихиЙ ужаС,Социопат,LoLka 80 lvl,Brave,Изуки Мидория,Тобирама Сенджу,Кимимаро,ШикамарУ,Г а а р а,Ogawa,zzStop,Последователь,~KiLLeR~,Пчёлка,Alukard,_Призрак_,Mirajane,Mrak,Scifsyyh,-Sally-,Флэш,StanLee,Тендо Нагато,~TITAN~,TheJoker,Хрустальный Лис,Акасуна_но_Сасори,TipS,Корвин,Учиха Обито
20201018,133307,104474,998958,887485,886097,833808,815103,721165,654192,618593,594104,571972,554599,535476,526245,497780,472031,446544,429847,427810,425695,399700,381147,379529,375019,363950,360833,340491,336095,334981,333718,333531,327891,321966,320754,314649,299620,280884,274763,264529,262754,253528,252187,248518,243429,243202,241704,240797,238640,237813,223481,223224,222665,214521,209975,208275,204289,201254,199257,199257,198868,198148,193825,193371,193306,193273,182132,177956,176335,174668,173483,167807,165786,163046,153308,149844,149723,147914,146303,144106,142481,139171,138437,135853,135751,135730,132825,132021,129559,126500,125801,124006,122722,122415,118598,117591,117204,113024,112718,111625
date,Джирайя,Майто Гай,Uchiha Madara,Shisui,Айзен,AloneInTheDark,Rosich,sensey,Юморист,YuRaN III,Мастер ИП,Нет,Сайдзо,Rokyro Rau,Orochimaru,Rock Lee,Хедин,РИДИК,Tayuya,Kira,-Tobi-,Kirishima Touka,KillerNick,misha10x10x,Конс,DeYsTrave,Акабане Карма,Sakata Gintoki,Вулкан,Fludo,Vizer fon Ghoul,_Indra_,Социопат_мл,Леди ангел,Neji Hyuga,Йоши,Ога Тацуми,Silf,Trigun,Andara,Гаара,Mikadzuki,Большой Брат,Konan,Freir,Firebug,ArtiGarPotr,Нагато Пейн,герцогиня,Учиха Хидате,-Uchiha-Artem-,СОНЯ,Izaya Orihara,CM Punk,Торуне,Канеки Учиха,Deathstroke,Garadin,Минато Намикадзе,Pain,_ZeuS_,mazumuz,Младший Брат,Djons,треш,Гусь,Ledi,Сбежавший Учиха,Курама Якумо,Хичиго Широсаки,тихиЙ ужаС,Социопат,LoLka 80 lvl,Brave,Изуки Мидория,Тобирама Сенджу,Кимимаро,ШикамарУ,Г а а р а,Ogawa,zzStop,Последователь,~KiLLeR~,Пчёлка,Alukard,_Призрак_,Mirajane,Mrak,Scifsyyh,-Sally-,Флэш,StanLee,Тендо Нагато,~TITAN~,TheJoker,Хрустальный Лис,Акасуна_но_Сасори,TipS,Корвин,Учиха Обито
20201019,133307,104514,998958,887899,886422,833957,815103,721568,654192,618593,594104,571972,554599,535788,526245,497780,472031,446544,429847,427810,425695,399700,381147,379529,375398,363950,360833,340491,336095,334981,334021,333531,327891,321966,320754,314649,299620,280884,274763,264529,263142,253528,252675,248518,243429,243202,241704,240797,238640,237813,223481,223224,222665,214521,210595,208275,204289,201254,199257,199257,198868,198148,193825,193637,193371,193273,182132,177956,176335,174668,173483,167807,165786,163046,153308,149844,149723,147914,146305,144106,142481,139171,138437,135853,135751,135730,132825,132021,129559,126500,125801,124006,122725,122415,118598,117591,117204,113024,112718,111625
date,Джирайя,Майто Гай,Uchiha Madara,Айзен,Shisui,AloneInTheDark,Rosich,sensey,Юморист,YuRaN III,Мастер ИП,Нет,Сайдзо,Rokyro Rau,Orochimaru,Rock Lee,Хедин,РИДИК,Tayuya,Kira,-Tobi-,Kirishima Touka,KillerNick,misha10x10x,Конс,DeYsTrave,Акабане Карма,Sakata Gintoki,Вулкан,Fludo,Vizer fon Ghoul,_Indra_,Социопат_мл,Леди ангел,Neji Hyuga,Йоши,Ога Тацуми,Silf,Trigun,Andara,Гаара,Mikadzuki,Большой Брат,Konan,Freir,Firebug,ArtiGarPotr,Нагато Пейн,герцогиня,Учиха Хидате,-Uchiha-Artem-,СОНЯ,Izaya Orihara,CM Punk,Торуне,Канеки Учиха,Deathstroke,Garadin,Минато Намикадзе,Pain,_ZeuS_,mazumuz,Djons,Младший Брат,треш,Гусь,Ledi,Сбежавший Учиха,Курама Якумо,Хичиго Широсаки,тихиЙ ужаС,Социопат,LoLka 80 lvl,Brave,Изуки Мидория,Тобирама Сенджу,Кимимаро,ШикамарУ,Г а а р а,Ogawa,zzStop,Последователь,~KiLLeR~,Пчёлка,Alukard,_Призрак_,Mirajane,Mrak,Scifsyyh,-Sally-,Флэш,StanLee,Тендо Нагато,~TITAN~,TheJoker,Хрустальный Лис,Акасуна_но_Сасори,TipS,Корвин,Учиха Обито
20201020,133307,104553,999133,888241,887928,834600,815103,721933,654192,618593,594104,571972,554599,535847,526245,497780,472031,446544,429847,427810,425695,399700,381147,379529,375789,363950,360833,340491,336095,334981,334074,333531,327891,321966,320754,314649,299620,280884,274763,264529,263142,253528,253099,248518,243429,243202,241704,240797,238640,237813,223481,223224,222665,214521,210939,208275,204289,201254,199257,199257,198868,198148,193970,193825,193371,193273,182132,177956,176335,174668,173483,167807,165786,163046,153308,149844,149723,147914,146314,144106,142481,139171,138437,135853,135751,135730,132825,132021,129559,126500,125801,124006,122728,122415,118598,117591,117204,113024,112718,111625
date,Джирайя,Майто Гай,Uchiha Madara,Айзен,Shisui,AloneInTheDark,Rosich,sensey,Юморист,YuRaN III,Мастер ИП,Нет,Сайдзо,Rokyro Rau,Orochimaru,Rock Lee,Хедин,РИДИК,Tayuya,Kira,-Tobi-,Kirishima Touka,KillerNick,misha10x10x,Конс,DeYsTrave,Акабане Карма,Sakata Gintoki,Вулкан,Fludo,Vizer fon Ghoul,_Indra_,Социопат_мл,Леди ангел,Neji Hyuga,Йоши,Ога Тацуми,Silf,Trigun,Andara,Гаара,Mikadzuki,Большой Брат,Konan,Freir,Firebug,ArtiGarPotr,Нагато Пейн,герцогиня,Учиха Хидате,-Uchiha-Artem-,СОНЯ,Izaya Orihara,CM Punk,Торуне,Канеки Учиха,Deathstroke,Garadin,Минато Намикадзе,Pain,_ZeuS_,mazumuz,Djons,Младший Брат,треш,Гусь,Ledi,Сбежавший Учиха,Курама Якумо,Хичиго Широсаки,тихиЙ ужаС,Социопат,LoLka 80 lvl,Brave,Изуки Мидория,Тобирама Сенджу,Кимимаро,ШикамарУ,Г а а р а,Ogawa,zzStop,Последователь,~KiLLeR~,Пчёлка,Alukard,_Призрак_,Mirajane,Mrak,Scifsyyh,-Sally-,Флэш,StanLee,Тендо Нагато,~TITAN~,TheJoker,Хрустальный Лис,Акасуна_но_Сасори,TipS,Корвин,Учиха Обито
20201021,133358,104593,999411,890423,888710,834951,815103,722283,654192,618593,594104,571972,554599,536384,526245,497780,472031,446544,429847,427810,425695,399700,381147,379529,376155,363950,360833,340491,336095,334981,334412,333531,327891,321966,320754,314649,299620,280884,274763,264529,263142,253528,253426,248518,243429,243202,241704,240797,238640,237813,223481,223224,222665,214521,211352,208275,204289,201254,199257,199257,198868,198148,194311,193825,193371,193273,182132,177956,176335,174668,173483,167807,165786,163046,153308,149844,149723,147914,146337,144106,142481,139171,138437,135853,135751,135730,132825,132021,129559,126500,125801,124006,122734,122415,118598,117591,117204,113024,112718,111625
date,Джирайя,Майто Гай,Uchiha Madara,Айзен,Shisui,AloneInTheDark,Rosich,sensey,Юморист,YuRaN III,Мастер ИП,Нет,Сайдзо,Rokyro Rau,Orochimaru,Rock Lee,Хедин,РИДИК,Tayuya,Kira,-Tobi-,Kirishima Touka,KillerNick,misha10x10x,Конс,DeYsTrave,Акабане Карма,Sakata Gintoki,Вулкан,Fludo,Vizer fon Ghoul,_Indra_,Социопат_мл,Леди ангел,Neji Hyuga,Йоши,Ога Тацуми,Silf,Trigun,Andara,Гаара,Большой Брат,Mikadzuki,Konan,Freir,Firebug,ArtiGarPotr,Нагато Пейн,герцогиня,Учиха Хидате,-Uchiha-Artem-,СОНЯ,Izaya Orihara,CM Punk,Торуне,Канеки Учиха,Deathstroke,Garadin,Минато Намикадзе,Pain,_ZeuS_,mazumuz,Djons,Младший Брат,треш,Гусь,Ledi,Сбежавший Учиха,Курама Якумо,Хичиго Широсаки,тихиЙ ужаС,Социопат,LoLka 80 lvl,Brave,Изуки Мидория,Тобирама Сенджу,Кимимаро,ШикамарУ,Г а а р а,Ogawa,zzStop,Последователь,~KiLLeR~,Пчёлка,Alukard,_Призрак_,Mirajane,Mrak,Scifsyyh,-Sally-,Флэш,StanLee,Тендо Нагато,~TITAN~,TheJoker,Хрустальный Лис,Акасуна_но_Сасори,TipS,Корвин,Плагиатор
20201022,133400,104632,999411,892759,889120,835346,815103,722662,654192,618593,594104,571972,554599,536435,526245,497780,472031,446544,429847,427810,425695,399700,381147,379529,376435,363950,360833,340491,336095,334981,334755,333531,327891,321966,320754,314649,299620,280884,274763,264529,263142,253785,253528,248518,243429,243202,241704,240797,238797,237813,223481,223224,222665,214521,211734,208275,204289,201254,199257,199257,198868,198148,194356,193825,193371,193273,182132,177956,176335,174668,173483,167807,165786,163046,153308,149844,149723,147914,146351,144106,142481,139171,138437,135853,135751,135730,132825,132021,129559,126500,125801,124007,122738,122415,118598,117591,117204,113024,112718,111843
date,Джирайя,Майто Гай,Uchiha Madara,Айзен,Shisui,AloneInTheDark,Rosich,sensey,Юморист,YuRaN III,Мастер ИП,Нет,Сайдзо,Rokyro Rau,Orochimaru,Rock Lee,Хедин,РИДИК,Tayuya,Kira,-Tobi-,Kirishima Touka,KillerNick,misha10x10x,Конс,DeYsTrave,Акабане Карма,Sakata Gintoki,Вулкан,Fludo,Vizer fon Ghoul,_Indra_,Социопат_мл,Леди ангел,Neji Hyuga,Йоши,Ога Тацуми,Silf,Trigun,Andara,Гаара,Большой Брат,Mikadzuki,Konan,Freir,Firebug,ArtiGarPotr,Нагато Пейн,герцогиня,Учиха Хидате,-Uchiha-Artem-,СОНЯ,Izaya Orihara,CM Punk,Торуне,Канеки Учиха,Deathstroke,Garadin,Минато Намикадзе,Pain,_ZeuS_,mazumuz,Djons,Младший Брат,треш,Гусь,Ledi,Сбежавший Учиха,Курама Якумо,Хичиго Широсаки,тихиЙ ужаС,Социопат,LoLka 80 lvl,Brave,Изуки Мидория,Тобирама Сенджу,Кимимаро,ШикамарУ,Г а а р а,Ogawa,zzStop,Последователь,~KiLLeR~,Пчёлка,Alukard,_Призрак_,Mirajane,Mrak,Scifsyyh,-Sally-,Флэш,StanLee,Тендо Нагато,~TITAN~,TheJoker,Хрустальный Лис,Акасуна_но_Сасори,Плагиатор,TipS,Корвин
20201023,133447,104672,999411,893141,889159,835722,815103,723019,654192,618593,594104,571972,554599,537009,526245,497780,472031,446544,429847,427810,425695,399700,381147,379529,376475,363950,360833,340491,336095,334981,334784,333531,327891,321966,320754,314649,299620,280884,274763,264529,263389,254153,253528,248518,243429,243202,241704,240797,238881,237813,223481,223224,222665,214521,212158,208275,204289,201254,199257,199257,198868,198148,194356,193825,193371,193273,182132,177956,176335,174668,173483,167807,165786,163046,153308,149844,149723,147914,146371,144106,142481,139171,138437,135853,135751,135730,132825,132021,129559,126500,125801,124007,122747,122415,118598,117591,117204,114078,113024,112718
date,Джирайя,Майто Гай,Uchiha Madara,Айзен,Shisui,AloneInTheDark,Rosich,sensey,Юморист,YuRaN III,Мастер ИП,Нет,Сайдзо,Rokyro Rau,Orochimaru,Rock Lee,Хедин,РИДИК,Tayuya,Kira,-Tobi-,Kirishima Touka,KillerNick,misha10x10x,Конс,DeYsTrave,Акабане Карма,Sakata Gintoki,Вулкан,Fludo,Vizer fon Ghoul,_Indra_,Социопат_мл,Леди ангел,Neji Hyuga,Йоши,Ога Тацуми,Silf,Trigun,Andara,Гаара,Большой Брат,Mikadzuki,Konan,Freir,Firebug,ArtiGarPotr,Нагато Пейн,герцогиня,Учиха Хидате,-Uchiha-Artem-,СОНЯ,Izaya Orihara,CM Punk,Торуне,Канеки Учиха,Deathstroke,Garadin,Минато Намикадзе,Pain,_ZeuS_,mazumuz,Djons,Младший Брат,треш,Гусь,Ledi,Сбежавший Учиха,Курама Якумо,Хичиго Широсаки,тихиЙ ужаС,Социопат,LoLka 80 lvl,Brave,Изуки Мидория,Тобирама Сенджу,Кимимаро,ШикамарУ,Г а а р а,Ogawa,zzStop,Последователь,~KiLLeR~,Пчёлка,Alukard,_Призрак_,Mirajane,Mrak,Scifsyyh,-Sally-,Флэш,StanLee,Тендо Нагато,~TITAN~,TheJoker,Хрустальный Лис,Акасуна_но_Сасори,Плагиатор,TipS,Корвин
20201024,133481,104712,999411,893806,889984,836014,815103,723377,654192,618593,594104,571972,554599,537054,526245,497780,472031,446544,429847,427810,425695,399700,381147,379529,376902,363950,360833,340491,336095,334981,334860,333531,327891,321966,320754,314649,299620,280884,274763,264529,263693,254564,253528,248518,243429,243202,241704,240797,238945,237813,223481,223224,222665,214521,212564,208275,204289,201254,199257,199257,198868,198148,194356,193825,193371,193273,182132,177956,176530,174668,173483,167807,165786,163046,153308,149844,149723,147914,146381,144106,142481,139171,138437,135853,135751,135730,132825,132021,129559,126500,125801,124007,122751,122415,118598,117591,117204,115025,113024,112718
date,Джирайя,Майто Гай,Uchiha Madara,Айзен,Shisui,AloneInTheDark,Rosich,sensey,Юморист,YuRaN III,Мастер ИП,Нет,Сайдзо,Rokyro Rau,Orochimaru,Rock Lee,Хедин,РИДИК,Tayuya,Kira,-Tobi-,Kirishima Touka,KillerNick,misha10x10x,Конс,DeYsTrave,Акабане Карма,Sakata Gintoki,Вулкан,Vizer fon Ghoul,Fludo,_Indra_,Социопат_мл,Леди ангел,Neji Hyuga,Йоши,Ога Тацуми,Silf,Trigun,Andara,Гаара,Большой Брат,Mikadzuki,Konan,Freir,Firebug,ArtiGarPotr,Нагато Пейн,герцогиня,Учиха Хидате,-Uchiha-Artem-,СОНЯ,Izaya Orihara,CM Punk,Торуне,Канеки Учиха,Deathstroke,Garadin,Минато Намикадзе,Pain,_ZeuS_,mazumuz,Djons,Младший Брат,треш,Гусь,Ledi,Сбежавший Учиха,Курама Якумо,Хичиго Широсаки,тихиЙ ужаС,Социопат,LoLka 80 lvl,Brave,Изуки Мидория,Тобирама Сенджу,Кимимаро,ШикамарУ,Г а а р а,Ogawa,zzStop,Последователь,~KiLLeR~,Пчёлка,Alukard,_Призрак_,Mirajane,Mrak,Scifsyyh,-Sally-,Флэш,StanLee,Тендо Нагато,~TITAN~,TheJoker,Хрустальный Лис,Акасуна_но_Сасори,Плагиатор,TipS,Корвин
20201025,133481,104750,999411,894276,890410,836014,815103,723742,654192,618593,594104,571972,554599,537509,526245,497780,472031,446544,429847,427810,425695,399700,381147,379529,377368,363950,360833,340491,336095,335003,334981,333531,327891,321966,320754,314649,299620,280884,274763,264529,264105,254720,253528,248518,243429,243202,241704,240797,238948,237813,223481,223224,222665,214521,212991,208275,204289,201254,199257,199257,198868,198148,194356,193825,193371,193273,182132,177956,176596,174668,173483,167807,165786,163046,153308,149844,149723,147914,146429,144106,142481,139171,138437,135853,135751,135730,132825,132021,129559,126500,125801,124007,122753,122415,118598,117591,117204,115025,113024,112718
date,Джирайя,Майто Гай,Uchiha Madara,Айзен,Shisui,AloneInTheDark,Rosich,sensey,Юморист,YuRaN III,Мастер ИП,Нет,Сайдзо,Rokyro Rau,Orochimaru,Rock Lee,Хедин,РИДИК,Tayuya,Kira,-Tobi-,Kirishima Touka,KillerNick,misha10x10x,Конс,DeYsTrave,Акабане Карма,Sakata Gintoki,Вулкан,Vizer fon Ghoul,Fludo,_Indra_,Социопат_мл,Леди ангел,Neji Hyuga,Йоши,Ога Тацуми,Silf,Trigun,Andara,Гаара,Большой Брат,Mikadzuki,Konan,Freir,Firebug,ArtiGarPotr,Нагато Пейн,герцогиня,Учиха Хидате,-Uchiha-Artem-,СОНЯ,Izaya Orihara,CM Punk,Торуне,Канеки Учиха,Deathstroke,Garadin,Минато Намикадзе,Pain,_ZeuS_,mazumuz,Djons,Младший Брат,треш,Гусь,Ledi,Сбежавший Учиха,Курама Якумо,Хичиго Широсаки,тихиЙ ужаС,Социопат,LoLka 80 lvl,Brave,Изуки Мидория,Тобирама Сенджу,Кимимаро,ШикамарУ,Г а а р а,Ogawa,zzStop,Последователь,~KiLLeR~,Пчёлка,Alukard,_Призрак_,Mirajane,Mrak,Scifsyyh,-Sally-,Флэш,StanLee,Тендо Нагато,~TITAN~,TheJoker,Хрустальный Лис,Акасуна_но_Сасори,Плагиатор,TipS,Корвин
20201026,133481,104788,999411,894737,890820,836419,815103,724108,654192,618593,594104,571972,554599,537863,526245,497780,472031,446544,429847,427810,425695,399700,381147,379529,377956,363950,360833,340491,336095,335080,334981,333531,327891,321966,320754,314649,299620,280884,274763,264529,264105,255051,253528,248518,243429,243202,241704,240797,238948,237813,223481,223224,222665,214521,213501,208275,204289,201254,199257,199257,198868,198148,194356,193825,193371,193273,182132,177956,176596,174668,173483,167807,165786,163046,153308,149844,149723,147914,146441,144106,142481,139171,138437,135853,135751,135730,132825,132021,129559,126500,125801,124007,122758,122415,118598,117591,117204,115948,113024,112718
date,Джирайя,Майто Гай,Uchiha Madara,Айзен,Shisui,AloneInTheDark,Rosich,sensey,Юморист,YuRaN III,Мастер ИП,Нет,Сайдзо,Rokyro Rau,Orochimaru,Rock Lee,Хедин,РИДИК,Tayuya,Kira,-Tobi-,Kirishima Touka,KillerNick,misha10x10x,Конс,DeYsTrave,Акабане Карма,Sakata Gintoki,Вулкан,Vizer fon Ghoul,Fludo,_Indra_,Социопат_мл,Леди ангел,Neji Hyuga,Йоши,Ога Тацуми,Silf,Trigun,Andara,Гаара,Большой Брат,Mikadzuki,Konan,Freir,Firebug,ArtiGarPotr,Нагато Пейн,герцогиня,Учиха Хидате,-Uchiha-Artem-,СОНЯ,Izaya Orihara,CM Punk,Торуне,Канеки Учиха,Deathstroke,Garadin,Минато Намикадзе,Pain,_ZeuS_,mazumuz,Djons,Младший Брат,треш,Гусь,Ledi,Сбежавший Учиха,Курама Якумо,Хичиго Широсаки,тихиЙ ужаС,Социопат,LoLka 80 lvl,Brave,Изуки Мидория,Тобирама Сенджу,Кимимаро,ШикамарУ,Г а а р а,Ogawa,zzStop,Последователь,~KiLLeR~,Пчёлка,Alukard,_Призрак_,Mirajane,Mrak,Scifsyyh,-Sally-,Флэш,StanLee,Тендо Нагато,~TITAN~,TheJoker,Хрустальный Лис,Акасуна_но_Сасори,Плагиатор,TipS,Корвин
20201027,133538,104798,999411,895300,891261,836927,815103,724463,654192,618593,594104,571972,554599,537953,526245,497780,472031,446544,429847,427810,425695,399700,381147,379529,378355,363950,360833,340491,336095,335080,334981,333531,327891,321966,320754,314649,299620,280884,274763,264529,264105,255249,253528,248518,243429,243202,241704,240797,238948,237813,223481,223224,222665,214521,213942,208275,204289,201254,199257,199257,198868,198148,194356,193825,193371,193273,182132,177956,176596,174668,173483,167807,165786,163046,153308,149844,149723,147914,146448,144106,142481,139171,138437,135853,135751,135730,132825,132021,129559,126500,125801,124007,122760,122415,118598,117591,117204,116265,113024,112718
date,Джирайя,Майто Гай,Uchiha Madara,Айзен,Shisui,AloneInTheDark,Rosich,sensey,Юморист,YuRaN III,Мастер ИП,Нет,Сайдзо,Rokyro Rau,Orochimaru,Rock Lee,Хедин,РИДИК,Tayuya,Kira,-Tobi-,Kirishima Touka,KillerNick,misha10x10x,Конс,DeYsTrave,Акабане Карма,Sakata Gintoki,Вулкан,Vizer fon Ghoul,Fludo,_Indra_,Социопат_мл,Леди ангел,Neji Hyuga,Йоши,Ога Тацуми,Silf,Trigun,Andara,Гаара,Большой Брат,Mikadzuki,Konan,Freir,Firebug,ArtiGarPotr,Нагато Пейн,герцогиня,Учиха Хидате,-Uchiha-Artem-,СОНЯ,Izaya Orihara,CM Punk,Торуне,Канеки Учиха,Deathstroke,Garadin,Минато Намикадзе,Pain,_ZeuS_,mazumuz,Djons,Младший Брат,треш,Гусь,Ledi,Сбежавший Учиха,Курама Якумо,Хичиго Широсаки,тихиЙ ужаС,Социопат,LoLka 80 lvl,Brave,Изуки Мидория,Тобирама Сенджу,Кимимаро,ШикамарУ,Г а а р а,Ogawa,zzStop,Последователь,~KiLLeR~,Пчёлка,Alukard,_Призрак_,Mirajane,Mrak,Scifsyyh,-Sally-,Флэш,StanLee,Тендо Нагато,~TITAN~,TheJoker,Хрустальный Лис,Акасуна_но_Сасори,Плагиатор,TipS,Корвин
20201028,133583,104798,999411,895842,891300,837081,815103,724824,654192,618593,594104,571972,554599,538180,526245,497780,472031,446544,429847,427810,425695,399700,381147,379529,378716,363950,360833,340491,336095,335360,334981,333531,327891,321966,320754,314649,299620,280884,274763,264591,264105,255545,253528,248518,243429,243202,241704,240797,238948,237813,223481,223224,222665,214521,214152,208275,204289,201254,199257,199257,198868,198148,194356,193825,193371,193273,182132,177956,176596,174668,173483,167807,165786,163046,153308,149844,149723,147914,146455,144106,142481,139171,138437,135853,135751,135730,132825,132021,129559,126500,125801,124007,122764,122415,118598,117591,117204,116265,113024,112718
date,Джирайя,Майто Гай,Uchiha Madara,Айзен,Shisui,AloneInTheDark,Rosich,sensey,Юморист,YuRaN III,Мастер ИП,Нет,Сайдзо,Rokyro Rau,Orochimaru,Rock Lee,Хедин,РИДИК,Tayuya,Kira,-Tobi-,Kirishima Touka,KillerNick,misha10x10x,Конс,DeYsTrave,Акабане Карма,Sakata Gintoki,Вулкан,Vizer fon Ghoul,Fludo,_Indra_,Социопат_мл,Леди ангел,Neji Hyuga,Йоши,Ога Тацуми,Silf,Trigun,Andara,Гаара,Большой Брат,Mikadzuki,Konan,Freir,Firebug,ArtiGarPotr,Нагато Пейн,герцогиня,Учиха Хидате,-Uchiha-Artem-,СОНЯ,Izaya Orihara,Торуне,CM Punk,Канеки Учиха,Deathstroke,Garadin,Минато Намикадзе,Pain,_ZeuS_,mazumuz,Djons,Младший Брат,треш,Гусь,Ledi,Сбежавший Учиха,Курама Якумо,Хичиго Широсаки,тихиЙ ужаС,Социопат,LoLka 80 lvl,Brave,Изуки Мидория,Тобирама Сенджу,Кимимаро,ШикамарУ,Г а а р а,Ogawa,zzStop,Последователь,~KiLLeR~,Пчёлка,Alukard,_Призрак_,Mirajane,Mrak,Scifsyyh,-Sally-,Флэш,StanLee,Тендо Нагато,~TITAN~,TheJoker,Хрустальный Лис,Акасуна_но_Сасори,Плагиатор,TipS,Корвин
20201029,133616,104798,999411,896192,891965,837545,815103,725181,654712,618593,594104,571972,554599,538226,526245,497780,472031,446544,429847,427810,425695,399700,381147,379529,379117,363950,360833,340491,336095,335728,334981,333531,327891,321966,320754,314649,299620,280884,274763,264591,264105,256020,253528,248518,243429,243202,241704,240797,238948,237813,223481,223224,222665,214637,214521,208275,204289,201254,199257,199257,198868,198148,194356,193825,193371,193273,182132,177956,176596,174668,173483,167807,165786,163046,153308,149844,149723,147914,146458,144106,142481,139171,138437,135853,135751,135730,132825,132021,129559,126500,125801,124007,122765,122415,118598,117591,117204,116265,113024,112718
date,Джирайя,Майто Гай,Uchiha Madara,Айзен,Shisui,AloneInTheDark,Rosich,sensey,Юморист,YuRaN III,Мастер ИП,Нет,Сайдзо,Rokyro Rau,Orochimaru,Rock Lee,Хедин,РИДИК,Tayuya,Kira,-Tobi-,Kirishima Touka,KillerNick,misha10x10x,Конс,DeYsTrave,Акабане Карма,Sakata Gintoki,Вулкан,Vizer fon Ghoul,Fludo,_Indra_,Социопат_мл,Леди ангел,Neji Hyuga,Йоши,Ога Тацуми,Silf,Trigun,Andara,Гаара,Большой Брат,Mikadzuki,Konan,Freir,Firebug,ArtiGarPotr,Нагато Пейн,герцогиня,Учиха Хидате,-Uchiha-Artem-,СОНЯ,Izaya Orihara,Торуне,CM Punk,Канеки Учиха,Deathstroke,Garadin,Минато Намикадзе,Pain,_ZeuS_,mazumuz,Djons,Младший Брат,треш,Гусь,Ledi,Сбежавший Учиха,Курама Якумо,Хичиго Широсаки,тихиЙ ужаС,Социопат,LoLka 80 lvl,Brave,Изуки Мидория,Тобирама Сенджу,Кимимаро,ШикамарУ,Г а а р а,Ogawa,zzStop,Последователь,~KiLLeR~,Пчёлка,Alukard,_Призрак_,Mirajane,Mrak,Scifsyyh,-Sally-,Флэш,StanLee,Тендо Нагато,~TITAN~,TheJoker,Хрустальный Лис,Акасуна_но_Сасори,Плагиатор,TipS,Корвин
20201030,133638,104798,999411,896685,892407,837960,815103,725552,655140,618593,594104,571972,554599,538689,526245,497780,472031,446544,429847,427810,425695,399700,381147,379529,379495,363950,360833,340491,336095,335993,334981,333531,327891,321966,320754,314649,299620,280884,274763,264591,264105,256493,253528,248518,243429,243202,241704,240797,238948,237813,223481,223224,222665,215102,214521,208275,204289,201254,199257,199257,198868,198148,194356,193825,193371,193273,182132,177956,176596,174668,173483,167807,165786,163046,153308,149844,149723,147914,146458,144106,142481,139171,138437,135853,135751,135730,132825,132021,129559,126500,125801,124007,122765,122415,118598,117591,117204,116688,113024,112718
date,Джирайя,Майто Гай,Uchiha Madara,Айзен,Shisui,AloneInTheDark,Rosich,sensey,Юморист,YuRaN III,Мастер ИП,Нет,Сайдзо,Rokyro Rau,Orochimaru,Rock Lee,Хедин,РИДИК,Tayuya,Kira,-Tobi-,Kirishima Touka,KillerNick,Конс,misha10x10x,DeYsTrave,Акабане Карма,Sakata Gintoki,Vizer fon Ghoul,Вулкан,Fludo,_Indra_,Социопат_мл,Леди ангел,Neji Hyuga,Йоши,Ога Тацуми,Silf,Trigun,Andara,Гаара,Большой Брат,Mikadzuki,Konan,Freir,Firebug,ArtiGarPotr,Нагато Пейн,герцогиня,Учиха Хидате,-Uchiha-Artem-,СОНЯ,Izaya Orihara,Торуне,CM Punk,Канеки Учиха,Deathstroke,Garadin,Минато Намикадзе,Pain,_ZeuS_,mazumuz,Djons,Младший Брат,треш,Гусь,Ledi,Сбежавший Учиха,Курама Якумо,Хичиго Широсаки,тихиЙ ужаС,Социопат,LoLka 80 lvl,Brave,Изуки Мидория,Тобирама Сенджу,Кимимаро,ШикамарУ,Г а а р а,Ogawa,zzStop,Последователь,~KiLLeR~,Пчёлка,Alukard,_Призрак_,Mirajane,Mrak,Scifsyyh,-Sally-,Флэш,StanLee,Тендо Нагато,~TITAN~,TheJoker,Хрустальный Лис,Акасуна_но_Сасори,Плагиатор,TipS,Корвин
20201031,133639,104798,999412,897158,892819,838331,815103,725852,655534,618593,594104,571972,554599,538832,526245,497780,472031,446545,429847,427810,425695,399700,381147,379868,379529,363950,360833,340491,336358,336095,334981,333531,327891,321966,320754,314649,299620,280884,274763,264591,264105,256798,253528,248518,243429,243202,241704,240797,238985,237813,223481,223224,222665,215423,214521,208275,204289,201254,199257,199257,198868,198148,194356,193825,193371,193273,182132,177956,176596,174668,173483,167807,165786,163046,153308,149844,149723,147914,146460,144106,142481,139171,138437,135853,135751,135730,132825,132021,129559,126500,125801,124007,122766,122415,118598,117591,117204,117026,113024,112718
date,Джирайя,Майто Гай,Uchiha Madara,Айзен,Shisui,AloneInTheDark,Rosich,sensey,Юморист,YuRaN III,Мастер ИП,Нет,Сайдзо,Rokyro Rau,Orochimaru,Rock Lee,Хедин,РИДИК,Tayuya,Kira,-Tobi-,Kirishima Touka,KillerNick,Конс,misha10x10x,DeYsTrave,Акабане Карма,Sakata Gintoki,Vizer fon Ghoul,Вулкан,Fludo,_Indra_,Социопат_мл,Леди ангел,Neji Hyuga,Йоши,Ога Тацуми,Silf,Trigun,Andara,Гаара,Большой Брат,Mikadzuki,Konan,Freir,Firebug,ArtiGarPotr,Нагато Пейн,герцогиня,Учиха Хидате,-Uchiha-Artem-,СОНЯ,Izaya Orihara,Торуне,CM Punk,Канеки Учиха,Deathstroke,Garadin,Минато Намикадзе,Pain,_ZeuS_,mazumuz,Djons,Младший Брат,треш,Гусь,Ledi,Сбежавший Учиха,Курама Якумо,Хичиго Широсаки,тихиЙ ужаС,Социопат,LoLka 80 lvl,Brave,Изуки Мидория,Тобирама Сенджу,Кимимаро,ШикамарУ,Г а а р а,Ogawa,zzStop,Последователь,~KiLLeR~,Пчёлка,Alukard,_Призрак_,Mirajane,Mrak,Scifsyyh,-Sally-,Флэш,StanLee,Тендо Нагато,~TITAN~,TheJoker,Плагиатор,Хрустальный Лис,Акасуна_но_Сасори,TipS,Корвин
20201101,133639,104798,999965,898960,893222,838405,815103,726298,655926,618593,594104,571972,554599,539069,526245,497780,472031,446545,429847,427810,425695,399700,381147,380254,379529,363950,360988,340491,336757,336095,334981,333531,327891,321966,320754,314649,299620,280884,274763,264591,264105,257130,253528,248518,243429,243202,241704,240797,239378,237813,223481,223224,222665,216346,214521,208275,204289,201254,199257,199257,198868,198148,194356,193825,193371,193273,182132,177956,176597,174668,173483,167807,165786,163046,153308,149844,149723,147914,146505,144106,142481,139171,138437,135853,135751,135730,132825,132021,129559,126500,125801,124007,122766,122415,118598,118560,117591,117204,113024,112718
date,Джирайя,Майто Гай,Uchiha Madara,Айзен,Shisui,AloneInTheDark,Rosich,sensey,Юморист,YuRaN III,Мастер ИП,Нет,Сайдзо,Rokyro Rau,Orochimaru,Rock Lee,Хедин,РИДИК,Tayuya,Kira,-Tobi-,Kirishima Touka,KillerNick,Конс,misha10x10x,DeYsTrave,Акабане Карма,Sakata Gintoki,Vizer fon Ghoul,Вулкан,Fludo,_Indra_,Социопат_мл,Леди ангел,Neji Hyuga,Йоши,Ога Тацуми,Silf,Trigun,Гаара,Andara,Большой Брат,Mikadzuki,Konan,Freir,Firebug,ArtiGarPotr,Нагато Пейн,герцогиня,Учиха Хидате,-Uchiha-Artem-,СОНЯ,Izaya Orihara,Торуне,CM Punk,Канеки Учиха,Deathstroke,Garadin,Минато Намикадзе,Pain,_ZeuS_,mazumuz,Djons,Младший Брат,треш,Гусь,Ledi,Сбежавший Учиха,Курама Якумо,Хичиго Широсаки,тихиЙ ужаС,Социопат,LoLka 80 lvl,Brave,Изуки Мидория,Тобирама Сенджу,Кимимаро,ШикамарУ,Г а а р а,Ogawa,zzStop,Последователь,~KiLLeR~,Пчёлка,Alukard,_Призрак_,Mirajane,Mrak,Scifsyyh,-Sally-,Флэш,StanLee,Тендо Нагато,~TITAN~,TheJoker,Плагиатор,Хрустальный Лис,Акасуна_но_Сасори,TipS,Корвин
20201102,133639,104798,100010,899445,893351,838617,815103,726661,656120,618593,594104,571972,554599,539476,526245,497780,472031,446545,429847,427810,425695,399700,381147,380627,379529,363950,360988,340491,337078,336095,334981,333531,327891,321966,320754,314649,299620,280884,274763,265316,264591,257562,253528,248518,243429,243202,241704,240797,239637,237813,223481,223224,222665,217509,214521,208275,204289,201254,199257,199257,198868,198148,194356,193825,193371,193273,182132,177956,176601,174668,173483,167807,165786,163046,153308,149844,149723,147914,146505,144106,142481,139171,138437,135853,135751,135730,132825,132021,129559,126500,125801,124007,122766,122415,118598,118562,117591,117204,113024,112718
date,Джирайя,Майто Гай,Uchiha Madara,Айзен,Shisui,AloneInTheDark,Rosich,sensey,Юморист,YuRaN III,Мастер ИП,Нет,Сайдзо,Rokyro Rau,Orochimaru,Rock Lee,Хедин,РИДИК,Tayuya,Kira,-Tobi-,Kirishima Touka,KillerNick,Конс,misha10x10x,DeYsTrave,Акабане Карма,Sakata Gintoki,Vizer fon Ghoul,Вулкан,Fludo,_Indra_,Социопат_мл,Леди ангел,Neji Hyuga,Йоши,Ога Тацуми,Silf,Trigun,Гаара,Andara,Большой Брат,Mikadzuki,Konan,Freir,Firebug,ArtiGarPotr,Нагато Пейн,герцогиня,Учиха Хидате,-Uchiha-Artem-,СОНЯ,Izaya Orihara,Торуне,CM Punk,Канеки Учиха,Deathstroke,Garadin,Минато Намикадзе,Pain,_ZeuS_,mazumuz,Djons,Младший Брат,треш,Гусь,Ledi,Сбежавший Учиха,Курама Якумо,Хичиго Широсаки,тихиЙ ужаС,Социопат,LoLka 80 lvl,Brave,Изуки Мидория,Тобирама Сенджу,Кимимаро,ШикамарУ,Г а а р а,Ogawa,zzStop,Последователь,~KiLLeR~,Пчёлка,Alukard,_Призрак_,Mirajane,Mrak,Scifsyyh,-Sally-,Флэш,StanLee,Тендо Нагато,~TITAN~,Плагиатор,TheJoker,Хрустальный Лис,Акасуна_но_Сасори,TipS,Корвин
20201103,133688,104798,100010,899852,894078,838848,815103,727008,656120,618593,594104,571972,554599,539633,526245,497780,472031,446545,429847,427810,425695,399700,381147,381007,379529,363950,360988,340491,337125,336095,334981,333531,327891,321966,320754,314649,299620,280884,274763,266112,264591,257952,253528,248518,243429,243202,241704,240797,239793,237813,223481,223224,222665,217908,214521,208275,204289,201254,199257,199257,198868,198148,194356,193825,193371,193273,182132,177956,176601,174668,173483,167807,165786,163046,153308,149844,149723,147914,146507,144106,142481,139171,138437,135853,135751,135730,132825,132021,129559,126500,125801,124007,122767,122415,119098,118598,117591,117204,113024,112718
date,Джирайя,Майто Гай,Uchiha Madara,Айзен,Shisui,AloneInTheDark,Rosich,sensey,Юморист,YuRaN III,Мастер ИП,Нет,Сайдзо,Rokyro Rau,Orochimaru,Rock Lee,Хедин,РИДИК,Tayuya,Kira,-Tobi-,Kirishima Touka,Конс,KillerNick,misha10x10x,DeYsTrave,Акабане Карма,Sakata Gintoki,Vizer fon Ghoul,Вулкан,Fludo,_Indra_,Социопат_мл,Леди ангел,Neji Hyuga,Йоши,Ога Тацуми,Silf,Trigun,Гаара,Andara,Большой Брат,Mikadzuki,Konan,Freir,Firebug,ArtiGarPotr,Нагато Пейн,герцогиня,Учиха Хидате,-Uchiha-Artem-,СОНЯ,Izaya Orihara,Торуне,CM Punk,Канеки Учиха,Deathstroke,Garadin,Минато Намикадзе,Pain,_ZeuS_,mazumuz,Djons,Младший Брат,треш,Гусь,Ledi,Сбежавший Учиха,Курама Якумо,Хичиго Широсаки,тихиЙ ужаС,Социопат,LoLka 80 lvl,Brave,Изуки Мидория,Тобирама Сенджу,Кимимаро,ШикамарУ,Г а а р а,Ogawa,zzStop,Последователь,~KiLLeR~,Пчёлка,Alukard,_Призрак_,Mirajane,Mrak,Scifsyyh,-Sally-,Флэш,StanLee,Тендо Нагато,~TITAN~,Плагиатор,TheJoker,Хрустальный Лис,Акасуна_но_Сасори,TipS,Корвин
20201104,133736,104798,100010,900339,894115,839488,815103,727336,656461,618593,594104,571972,554599,539952,526245,497780,472031,446545,429847,427810,425695,399700,381379,381147,379529,363950,360988,340491,337289,336095,334981,333531,327891,321966,320754,314649,299620,280884,274763,266112,264591,258333,253528,248518,243429,243202,241704,240797,239793,237813,223481,223224,222665,218346,214521,208275,204289,201254,199257,199257,198868,198148,194356,193825,193371,193273,182132,177956,176601,174668,173483,167807,165786,163046,153308,149844,149723,147914,146510,144106,142481,139171,138437,135853,135751,135730,132825,132021,129559,126500,125801,124007,122769,122415,119195,118598,117591,117204,113024,112718
date
20201105
date,Джирайя,Майто Гай,Uchiha Madara,Айзен,Shisui,AloneInTheDark,Rosich,sensey,Юморист,YuRaN III,Мастер ИП,Нет,Сайдзо,Rokyro Rau,Orochimaru,Rock Lee,Хедин,РИДИК,Tayuya,Kira,-Tobi-,Kirishima Touka,Конс,KillerNick,misha10x10x,DeYsTrave,Акабане Карма,Sakata Gintoki,Vizer fon Ghoul,Вулкан,Fludo,_Indra_,Социопат_мл,Леди ангел,Neji Hyuga,Йоши,Ога Тацуми,Silf,Trigun,Гаара,Andara,Большой Брат,Mikadzuki,Konan,Freir,Firebug,ArtiGarPotr,Нагато Пейн,герцогиня,Учиха Хидате,-Uchiha-Artem-,СОНЯ,Izaya Orihara,Торуне,CM Punk,Канеки Учиха,Deathstroke,Garadin,Минато Намикадзе,Pain,_ZeuS_,mazumuz,Djons,Младший Брат,треш,Гусь,Ledi,Сбежавший Учиха,Курама Якумо,Хичиго Широсаки,тихиЙ ужаС,Социопат,LoLka 80 lvl,Brave,Изуки Мидория,Тобирама Сенджу,Кимимаро,ШикамарУ,Г а а р а,Ogawa,zzStop,Последователь,~KiLLeR~,Пчёлка,Alukard,_Призрак_,Mirajane,Mrak,Scifsyyh,-Sally-,Флэш,StanLee,Тендо Нагато,~TITAN~,Плагиатор,TheJoker,Хрустальный Лис,Акасуна_но_Сасори,TipS,Корвин
20201106,133825,104798,100010,901368,895328,839917,815103,728097,657047,618593,594104,571972,554599,540749,526246,497780,472031,446545,429847,427810,425695,399700,382132,381147,379529,363950,360988,340491,337592,336095,334981,333531,327891,321966,320754,314649,299620,280884,274763,266962,264591,258966,253528,248518,243429,243202,241704,240797,239793,237813,223481,223224,222665,219007,214521,208275,204289,201254,199257,199257,198868,198148,194356,193825,193371,193273,182132,177956,176845,174668,173483,167807,165786,163046,153308,149844,149723,147914,146522,144106,142481,139171,138437,135853,135751,135730,132825,132021,129559,126500,125801,124007,122773,122415,119657,118598,117591,117204,113024,112718
date,Джирайя,Майто Гай,Uchiha Madara,Айзен,Shisui,AloneInTheDark,Rosich,sensey,Юморист,YuRaN III,Мастер ИП,Нет,Сайдзо,Rokyro Rau,Orochimaru,Rock Lee,Хедин,РИДИК,Tayuya,Kira,-Tobi-,Kirishima Touka,Конс,KillerNick,misha10x10x,DeYsTrave,Акабане Карма,Sakata Gintoki,Vizer fon Ghoul,Вулкан,Fludo,_Indra_,Социопат_мл,Леди ангел,Neji Hyuga,Йоши,Ога Тацуми,Silf,Trigun,Гаара,Andara,Большой Брат,Mikadzuki,Konan,Freir,Firebug,ArtiGarPotr,Нагато Пейн,герцогиня,Учиха Хидате,-Uchiha-Artem-,СОНЯ,Izaya Orihara,Торуне,CM Punk,Канеки Учиха,Deathstroke,Garadin,Минато Намикадзе,Pain,_ZeuS_,mazumuz,Djons,Младший Брат,треш,Гусь,Ledi,Сбежавший Учиха,Курама Якумо,Хичиго Широсаки,тихиЙ ужаС,Социопат,LoLka 80 lvl,Brave,Изуки Мидория,Тобирама Сенджу,Кимимаро,ШикамарУ,Г а а р а,Ogawa,zzStop,Последователь,~KiLLeR~,Пчёлка,Alukard,_Призрак_,Mirajane,Mrak,Scifsyyh,-Sally-,Флэш,StanLee,Тендо Нагато,~TITAN~,Плагиатор,TheJoker,Хрустальный Лис,Акасуна_но_Сасори,TipS,Корвин
20201107,133866,104798,100010,901813,895755,840191,815103,728476,657447,618593,594104,571972,554599,541144,526246,497780,472031,446545,429847,427810,425695,399700,382425,381147,379529,363950,360988,340491,337918,336095,334981,333531,327891,321966,320754,314649,299620,280884,274763,266962,264591,259297,253528,248518,243429,243202,241704,240797,239793,237813,223481,223224,222665,219404,214521,208275,204289,201254,199257,199257,198868,198148,194356,193825,193371,193273,182132,177956,176936,174668,173483,167807,165786,163046,153308,149844,149723,147914,146531,144106,142481,139171,138437,135853,135751,135730,132825,132021,129559,126500,125801,124007,122778,122415,119658,118598,117591,117204,113024,112718
date,Джирайя,Майто Гай,Uchiha Madara,Айзен,Shisui,AloneInTheDark,Rosich,sensey,Юморист,YuRaN III,Мастер ИП,Нет,Сайдзо,Rokyro Rau,Orochimaru,Rock Lee,Хедин,РИДИК,Tayuya,Kira,-Tobi-,Kirishima Touka,Конс,KillerNick,misha10x10x,DeYsTrave,Акабане Карма,Sakata Gintoki,Vizer fon Ghoul,Вулкан,Fludo,_Indra_,Социопат_мл,Леди ангел,Neji Hyuga,Йоши,Ога Тацуми,Silf,Trigun,Гаара,Andara,Большой Брат,Mikadzuki,Konan,Freir,Firebug,ArtiGarPotr,Нагато Пейн,герцогиня,Учиха Хидате,-Uchiha-Artem-,СОНЯ,Izaya Orihara,Торуне,CM Punk,Канеки Учиха,Deathstroke,Garadin,Минато Намикадзе,Pain,_ZeuS_,mazumuz,Djons,Младший Брат,треш,Гусь,Ledi,Сбежавший Учиха,Курама Якумо,Хичиго Широсаки,тихиЙ ужаС,Социопат,LoLka 80 lvl,Brave,Изуки Мидория,Тобирама Сенджу,Кимимаро,ШикамарУ,Г а а р а,Ogawa,zzStop,Последователь,~KiLLeR~,Пчёлка,Alukard,_Призрак_,Mirajane,Mrak,Scifsyyh,-Sally-,Флэш,StanLee,Тендо Нагато,~TITAN~,Плагиатор,TheJoker,Хрустальный Лис,Акасуна_но_Сасори,TipS,Корвин
20201108,133866,104798,100010,902311,896165,840603,815103,728729,657851,618593,594104,571972,554599,541612,526246,497780,472031,446545,429847,427810,425695,399700,382887,381147,379529,363950,360988,340491,338033,336095,334981,333531,327891,321966,320754,314649,299620,280884,274763,267425,264591,259796,253528,248518,243429,243202,241704,240797,239793,237813,223481,223224,222665,219836,214521,208275,204289,201254,199257,199257,198868,198148,194356,193825,193371,193273,182132,177956,176963,174668,173483,167807,165786,163046,153308,149844,149723,147914,146533,144106,142481,139171,138437,135853,135751,135730,132825,132021,129559,126500,125801,124007,122779,122415,119658,118598,117591,117204,113024,112718
date,Джирайя,Майто Гай,Uchiha Madara,Айзен,Shisui,AloneInTheDark,Rosich,sensey,Юморист,YuRaN III,Мастер ИП,Нет,Сайдзо,Rokyro Rau,Orochimaru,Rock Lee,Хедин,РИДИК,Tayuya,Kira,-Tobi-,Kirishima Touka,Конс,KillerNick,misha10x10x,DeYsTrave,Акабане Карма,Sakata Gintoki,Vizer fon Ghoul,Вулкан,Fludo,_Indra_,Социопат_мл,Леди ангел,Neji Hyuga,Йоши,Ога Тацуми,Silf,Trigun,Гаара,Andara,Большой Брат,Mikadzuki,Konan,Freir,Firebug,ArtiGarPotr,Нагато Пейн,герцогиня,Учиха Хидате,-Uchiha-Artem-,СОНЯ,Izaya Orihara,Торуне,CM Punk,Канеки Учиха,Deathstroke,Garadin,Минато Намикадзе,Pain,_ZeuS_,mazumuz,Djons,Младший Брат,треш,Гусь,Ledi,Сбежавший Учиха,Курама Якумо,Хичиго Широсаки,тихиЙ ужаС,Социопат,LoLka 80 lvl,Brave,Изуки Мидория,Тобирама Сенджу,Кимимаро,ШикамарУ,Г а а р а,Ogawa,zzStop,Последователь,~KiLLeR~,Пчёлка,Alukard,_Призрак_,Mirajane,Mrak,Scifsyyh,-Sally-,Флэш,StanLee,Тендо Нагато,~TITAN~,Плагиатор,TheJoker,Хрустальный Лис,Акасуна_но_Сасори,TipS,Корвин
20201109,133866,104798,100010,902741,896595,840673,815103,729189,658249,618593,594104,571972,554599,541968,526246,497780,472031,446545,429847,427810,425695,399700,383268,381147,379529,363950,360988,340491,338489,336095,334981,333531,327891,321966,320754,314649,299620,280884,274763,267527,264591,260235,253528,248518,243429,243202,241704,240797,239793,237813,223481,223224,222665,220242,214521,208275,204289,201254,199257,199257,198868,198148,194356,193825,193371,193273,182132,177956,177050,174668,173483,167807,165786,163046,153308,149844,149723,147914,146537,144106,142481,139171,138437,135853,135751,135730,132825,132021,129559,126500,125801,124007,122781,122415,119964,118598,117591,117204,113024,112718
date,Джирайя,Майто Гай,Uchiha Madara,Айзен,Shisui,AloneInTheDark,Rosich,sensey,Юморист,YuRaN III,Мастер ИП,Нет,Сайдзо,Rokyro Rau,Orochimaru,Rock Lee,Хедин,РИДИК,Tayuya,Kira,-Tobi-,Kirishima Touka,Конс,KillerNick,misha10x10x,DeYsTrave,Акабане Карма,Sakata Gintoki,Vizer fon Ghoul,Вулкан,Fludo,_Indra_,Социопат_мл,Леди ангел,Neji Hyuga,Йоши,Ога Тацуми,Silf,Trigun,Гаара,Andara,Большой Брат,Mikadzuki,Konan,Freir,Firebug,ArtiGarPotr,Нагато Пейн,герцогиня,Учиха Хидате,-Uchiha-Artem-,СОНЯ,Izaya Orihara,Торуне,CM Punk,Канеки Учиха,Deathstroke,Garadin,Минато Намикадзе,Pain,_ZeuS_,mazumuz,Djons,Младший Брат,треш,Гусь,Ledi,Сбежавший Учиха,Курама Якумо,Хичиго Широсаки,тихиЙ ужаС,Социопат,LoLka 80 lvl,Brave,Изуки Мидория,Тобирама Сенджу,Кимимаро,ШикамарУ,Г а а р а,Ogawa,zzStop,Последователь,~KiLLeR~,Пчёлка,Alukard,_Призрак_,Mirajane,Mrak,Scifsyyh,-Sally-,Флэш,StanLee,Тендо Нагато,~TITAN~,Плагиатор,TheJoker,Хрустальный Лис,Акасуна_но_Сасори,TipS,Корвин
20201110,133936,104798,100018,903164,897019,841061,815103,729546,658501,618593,594104,571972,554599,542311,526246,497780,472031,446545,429847,427810,425695,399700,383660,381147,379529,363950,360988,340491,338945,336095,334981,333531,327891,321966,320754,314649,299620,280884,274763,267922,264591,260472,253528,248518,243429,243202,241704,240797,239793,237813,223481,223224,222665,220614,214521,208275,204289,201254,199257,199257,198868,198148,194356,193825,193371,193273,182132,177956,177225,174668,173483,167807,165786,163046,153308,149844,149723,147914,146537,144106,142481,139171,138437,135853,135751,135730,132825,132021,129559,126500,125801,124007,122781,122415,120439,118598,117591,117204,113024,112718
date,Джирайя,Майто Гай,Uchiha Madara,Айзен,Shisui,AloneInTheDark,Rosich,sensey,Юморист,YuRaN III,Мастер ИП,Нет,Сайдзо,Rokyro Rau,Orochimaru,Rock Lee,Хедин,РИДИК,Tayuya,Kira,-Tobi-,Kirishima Touka,Конс,KillerNick,misha10x10x,DeYsTrave,Акабане Карма,Sakata Gintoki,Vizer fon Ghoul,Вулкан,Fludo,_Indra_,Социопат_мл,Леди ангел,Neji Hyuga,Йоши,Ога Тацуми,Silf,Trigun,Гаара,Andara,Большой Брат,Mikadzuki,Konan,Freir,Firebug,ArtiGarPotr,Нагато Пейн,герцогиня,Учиха Хидате,-Uchiha-Artem-,СОНЯ,Izaya Orihara,Торуне,CM Punk,Канеки Учиха,Deathstroke,Garadin,Минато Намикадзе,Pain,_ZeuS_,mazumuz,Djons,Младший Брат,треш,Гусь,Ledi,Сбежавший Учиха,Курама Якумо,Хичиго Широсаки,тихиЙ ужаС,Социопат,LoLka 80 lvl,Brave,Изуки Мидория,Тобирама Сенджу,Кимимаро,ШикамарУ,Г а а р а,Ogawa,zzStop,Последователь,~KiLLeR~,Пчёлка,Alukard,_Призрак_,Mirajane,Mrak,Scifsyyh,-Sally-,Флэш,StanLee,Тендо Нагато,~TITAN~,Плагиатор,TheJoker,Хрустальный Лис,Акасуна_но_Сасори,TipS,Корвин
20201111,133978,104798,100069,903565,897430,841277,815103,729915,659048,618593,594104,571972,554599,542720,526246,497780,472031,446545,429847,427810,425695,399700,384028,381147,379529,363950,360988,340491,339377,336095,334981,333531,327891,321966,320754,314649,299620,280884,274763,268319,264591,260892,253528,248518,243429,243202,241704,240797,239793,237813,223481,223224,222665,221012,214521,208275,204289,201254,199257,199257,198868,198148,194356,193833,193371,193273,182132,177956,177480,174668,173483,167807,165786,163046,153308,149844,149723,147914,146537,144106,142481,139171,138437,135853,135751,135730,132825,132021,129559,126500,125801,124007,122781,122415,120713,118598,117591,117204,113024,112718
date,Джирайя,Майто Гай,Uchiha Madara,Айзен,Shisui,AloneInTheDark,Rosich,sensey,Юморист,YuRaN III,Мастер ИП,Нет,Сайдзо,Rokyro Rau,Orochimaru,Rock Lee,Хедин,РИДИК,Tayuya,Kira,-Tobi-,Kirishima Touka,Конс,KillerNick,misha10x10x,DeYsTrave,Акабане Карма,Sakata Gintoki,Vizer fon Ghoul,Вулкан,Fludo,_Indra_,Социопат_мл,Леди ангел,Neji Hyuga,Йоши,Ога Тацуми,Silf,Trigun,Гаара,Andara,Большой Брат,Mikadzuki,Konan,Freir,Firebug,ArtiGarPotr,Нагато Пейн,герцогиня,Учиха Хидате,-Uchiha-Artem-,СОНЯ,Izaya Orihara,Торуне,CM Punk,Канеки Учиха,Deathstroke,Garadin,Минато Намикадзе,Pain,_ZeuS_,mazumuz,Djons,Младший Брат,треш,Гусь,Ledi,Сбежавший Учиха,Курама Якумо,Хичиго Широсаки,тихиЙ ужаС,Социопат,LoLka 80 lvl,Brave,Изуки Мидория,Тобирама Сенджу,Кимимаро,ШикамарУ,Г а а р а,Ogawa,zzStop,Последователь,~KiLLeR~,Пчёлка,Alukard,_Призрак_,Mirajane,Mrak,Scifsyyh,-Sally-,Флэш,StanLee,Тендо Нагато,~TITAN~,Плагиатор,TheJoker,Хрустальный Лис,Акасуна_но_Сасори,TipS,Корвин
20201112,134001,104798,100096,903967,897840,841301,815103,730125,659458,618593,594104,571972,554599,542778,526246,497780,472031,446548,429847,427810,425695,399700,384407,381147,379529,363950,360988,340491,339730,336095,334981,333531,327891,321966,320754,314649,299620,280884,274763,268678,264591,261270,253528,248518,243429,243202,241704,240797,239797,237813,223481,223224,222665,221337,214521,208275,204289,201254,199257,199257,198868,198148,194356,193833,193371,193273,182132,177956,177715,174668,173483,167807,165786,163046,153308,149844,149723,147914,146537,144106,142481,139171,138437,135853,135751,135730,132825,132021,129559,126500,125801,124007,122781,122415,120980,118598,117591,117204,113034,112718
date,Джирайя,Майто Гай,Uchiha Madara,Айзен,Shisui,AloneInTheDark,Rosich,sensey,Юморист,YuRaN III,Мастер ИП,Нет,Сайдзо,Rokyro Rau,Orochimaru,Rock Lee,Хедин,РИДИК,Tayuya,Kira,-Tobi-,Kirishima Touka,Конс,KillerNick,misha10x10x,DeYsTrave,Акабане Карма,Sakata Gintoki,Vizer fon Ghoul,Вулкан,Fludo,_Indra_,Социопат_мл,Леди ангел,Neji Hyuga,Йоши,Ога Тацуми,Silf,Trigun,Гаара,Andara,Большой Брат,Mikadzuki,Konan,Freir,Firebug,ArtiGarPotr,Нагато Пейн,герцогиня,Учиха Хидате,-Uchiha-Artem-,СОНЯ,Izaya Orihara,Торуне,CM Punk,Канеки Учиха,Deathstroke,Garadin,Минато Намикадзе,Pain,_ZeuS_,mazumuz,Djons,Младший Брат,треш,Гусь,Ledi,Сбежавший Учиха,Курама Якумо,Хичиго Широсаки,тихиЙ ужаС,Социопат,LoLka 80 lvl,Brave,Изуки Мидория,Тобирама Сенджу,Кимимаро,ШикамарУ,Г а а р а,Ogawa,zzStop,Последователь,~KiLLeR~,Пчёлка,Alukard,_Призрак_,Mirajane,Mrak,Scifsyyh,-Sally-,Флэш,StanLee,Тендо Нагато,~TITAN~,Плагиатор,TheJoker,Хрустальный Лис,Акасуна_но_Сасори,TipS,Корвин
20201113,134031,104798,100141,904378,898261,841329,815103,730633,659853,618593,594104,571972,554599,543489,526246,497780,472031,446548,429847,427810,425695,399700,384795,381147,379529,363950,360988,340491,340027,336095,334981,333531,327891,321966,320754,314649,299620,280884,274763,269060,264591,261612,253528,248518,243429,243202,241704,240797,239797,237813,223481,223224,222665,221661,214521,208275,204289,201254,199257,199257,198868,198148,194356,193833,193371,193273,182132,177956,177953,174668,173483,167807,165786,163046,153308,149844,149723,147914,146537,144106,142481,139171,138437,135853,135751,135730,132825,132021,129559,126500,125801,124007,122781,122415,121520,118598,117591,117204,113072,112718
date,Джирайя,Майто Гай,Uchiha Madara,Айзен,Shisui,AloneInTheDark,Rosich,sensey,Юморист,YuRaN III,Мастер ИП,Нет,Сайдзо,Rokyro Rau,Orochimaru,Rock Lee,Хедин,РИДИК,Tayuya,Kira,-Tobi-,Kirishima Touka,Конс,KillerNick,misha10x10x,DeYsTrave,Акабане Карма,Sakata Gintoki,Vizer fon Ghoul,Вулкан,Fludo,_Indra_,Социопат_мл,Леди ангел,Neji Hyuga,Йоши,Ога Тацуми,Silf,Trigun,Гаара,Andara,Большой Брат,Mikadzuki,Konan,Freir,Firebug,ArtiGarPotr,Нагато Пейн,герцогиня,Учиха Хидате,-Uchiha-Artem-,СОНЯ,Izaya Orihara,Торуне,CM Punk,Канеки Учиха,Deathstroke,Garadin,Минато Намикадзе,Pain,_ZeuS_,mazumuz,Djons,Младший Брат,треш,Гусь,Ledi,Курама Якумо,Сбежавший Учиха,Хичиго Широсаки,тихиЙ ужаС,Социопат,LoLka 80 lvl,Brave,Изуки Мидория,Тобирама Сенджу,Кимимаро,ШикамарУ,Г а а р а,Ogawa,zzStop,Последователь,~KiLLeR~,Пчёлка,Alukard,_Призрак_,Mirajane,Mrak,Scifsyyh,-Sally-,Флэш,StanLee,Тендо Нагато,~TITAN~,Плагиатор,TheJoker,Хрустальный Лис,Акасуна_но_Сасори,TipS,Корвин
20201114,134104,104798,100141,904777,898549,841401,815103,730982,660250,618593,594104,571972,554599,543574,526246,497780,472031,446548,429847,427810,425695,399700,385172,381147,379529,363950,360988,340491,340087,336095,334981,333531,327891,321966,320754,314649,299620,280884,274763,269406,264591,262088,253528,248518,243429,243202,241704,240797,239797,237813,223481,223224,222665,221956,214521,208275,204289,201254,199257,199257,198868,198148,194356,193833,193371,193273,182132,177971,177956,174668,173483,167807,165786,163046,153308,149844,149723,147914,146537,144106,142481,139171,138437,135853,135751,135730,132825,132021,129559,126500,125801,124010,122781,122415,121926,118598,117591,117204,113305,112718
date,Джирайя,Майто Гай,Uchiha Madara,Айзен,Shisui,AloneInTheDark,Rosich,sensey,Юморист,YuRaN III,Мастер ИП,Нет,Сайдзо,Rokyro Rau,Orochimaru,Rock Lee,Хедин,РИДИК,Tayuya,Kira,-Tobi-,Kirishima Touka,Конс,KillerNick,misha10x10x,DeYsTrave,Акабане Карма,Sakata Gintoki,Vizer fon Ghoul,Вулкан,Fludo,_Indra_,Социопат_мл,Леди ангел,Neji Hyuga,Йоши,Ога Тацуми,Silf,Trigun,Гаара,Andara,Большой Брат,Mikadzuki,Konan,Freir,Firebug,ArtiGarPotr,Нагато Пейн,герцогиня,Учиха Хидате,-Uchiha-Artem-,СОНЯ,Izaya Orihara,Торуне,CM Punk,Канеки Учиха,Deathstroke,Garadin,Минато Намикадзе,Pain,_ZeuS_,mazumuz,Djons,Младший Брат,треш,Гусь,Ledi,Курама Якумо,Сбежавший Учиха,Хичиго Широсаки,тихиЙ ужаС,Социопат,LoLka 80 lvl,Brave,Изуки Мидория,Тобирама Сенджу,Кимимаро,ШикамарУ,Г а а р а,Ogawa,zzStop,Последователь,~KiLLeR~,Пчёлка,Alukard,_Призрак_,Mirajane,Mrak,Scifsyyh,-Sally-,Флэш,StanLee,Тендо Нагато,~TITAN~,Плагиатор,TheJoker,Хрустальный Лис,Акасуна_но_Сасори,TipS,Корвин
20201115,134134,104798,100163,905187,899115,841472,815103,731346,660647,618593,594104,571972,554599,543793,526246,497780,472031,446548,429847,427810,425695,399700,385551,381147,379529,363950,360988,340491,340109,336095,334981,333531,327891,321966,320754,314649,299620,280884,274763,269406,264591,262332,253528,248518,243429,243202,241704,240797,239797,237813,223481,223224,222665,222347,214521,208275,204289,201254,199257,199257,198868,198148,194356,193833,193371,193273,182132,178013,177956,174668,173483,167807,165786,163046,153308,149844,149723,147914,146537,144106,142481,139171,138437,135853,135751,135730,132825,132021,129559,126500,125801,124010,122781,122415,122371,118598,117591,117204,113410,112718
date,Джирайя,Майто Гай,Uchiha Madara,Айзен,Shisui,AloneInTheDark,Rosich,sensey,Юморист,YuRaN III,Мастер ИП,Нет,Сайдзо,Rokyro Rau,Orochimaru,Rock Lee,Хедин,РИДИК,Tayuya,Kira,-Tobi-,Kirishima Touka,Конс,KillerNick,misha10x10x,DeYsTrave,Акабане Карма,Sakata Gintoki,Vizer fon Ghoul,Вулкан,Fludo,_Indra_,Социопат_мл,Леди ангел,Neji Hyuga,Йоши,Ога Тацуми,Silf,Trigun,Гаара,Andara,Большой Брат,Mikadzuki,Konan,Freir,Firebug,ArtiGarPotr,Нагато Пейн,герцогиня,Учиха Хидате,-Uchiha-Artem-,СОНЯ,Торуне,Izaya Orihara,CM Punk,Канеки Учиха,Deathstroke,Garadin,Минато Намикадзе,Pain,_ZeuS_,mazumuz,Djons,Младший Брат,треш,Гусь,Ledi,Курама Якумо,Сбежавший Учиха,Хичиго Широсаки,тихиЙ ужаС,Социопат,LoLka 80 lvl,Brave,Изуки Мидория,Тобирама Сенджу,Кимимаро,ШикамарУ,Г а а р а,Ogawa,zzStop,Последователь,~KiLLeR~,Пчёлка,Alukard,_Призрак_,Mirajane,Mrak,Scifsyyh,-Sally-,Флэш,StanLee,Тендо Нагато,Плагиатор,~TITAN~,TheJoker,Хрустальный Лис,Акасуна_но_Сасори,TipS,Корвин
20201116,134143,104798,100163,905606,899135,841570,815103,731710,660944,618593,594104,571972,554599,544133,526246,497780,472031,446548,429847,427810,425695,399700,385924,381147,379529,363950,360988,340491,340465,336095,334981,333531,327891,321966,320754,314649,299620,280884,274763,269897,264591,262778,253528,248518,243429,243202,241704,240797,239797,237813,223481,223224,222730,222665,214521,208275,204289,201254,199257,199257,198868,198148,194356,193833,193371,193273,182132,178199,177956,174668,173483,167807,165786,163046,153308,149844,149723,147914,146537,144106,142481,139171,138437,135853,135751,135730,132825,132021,129559,126500,125801,124010,122781,122549,122415,118598,117591,117204,113572,112718
date,Джирайя,Майто Гай,Uchiha Madara,Айзен,Shisui,AloneInTheDark,Rosich,sensey,Юморист,YuRaN III,Мастер ИП,Нет,Сайдзо,Rokyro Rau,Orochimaru,Rock Lee,Хедин,РИДИК,Tayuya,Kira,-Tobi-,Kirishima Touka,Конс,KillerNick,misha10x10x,DeYsTrave,Акабане Карма,Vizer fon Ghoul,Sakata Gintoki,Вулкан,Fludo,_Indra_,Социопат_мл,Леди ангел,Neji Hyuga,Йоши,Ога Тацуми,Silf,Trigun,Гаара,Andara,Большой Брат,Mikadzuki,Konan,Freir,Firebug,ArtiGarPotr,Нагато Пейн,герцогиня,Учиха Хидате,-Uchiha-Artem-,СОНЯ,Торуне,Izaya Orihara,CM Punk,Канеки Учиха,Deathstroke,Garadin,Минато Намикадзе,Pain,_ZeuS_,mazumuz,Djons,Младший Брат,треш,Гусь,Ledi,Курама Якумо,Сбежавший Учиха,Хичиго Широсаки,тихиЙ ужаС,Социопат,LoLka 80 lvl,Brave,Изуки Мидория,Тобирама Сенджу,Кимимаро,ШикамарУ,Г а а р а,Ogawa,zzStop,Последователь,~KiLLeR~,Пчёлка,Alukard,_Призрак_,Mirajane,Mrak,Scifsyyh,-Sally-,Флэш,StanLee,Плагиатор,Тендо Нагато,~TITAN~,TheJoker,Хрустальный Лис,Акасуна_но_Сасори,TipS,Корвин
20201117,134198,104798,100163,906129,899965,841639,815103,732073,661446,618593,594104,571972,554599,544428,526246,497780,472031,446548,429847,427810,425695,399700,386300,381147,379529,363950,360988,340924,340491,336095,334981,333531,327891,321966,320754,314649,299620,280884,274763,270282,264591,263191,253528,248518,243429,243202,241704,240797,239797,237813,223481,223224,223144,222665,214521,208275,204289,201254,199257,199257,198868,198148,194356,193833,193371,193273,182132,178444,177956,174668,173483,167807,165786,163046,153308,149844,149723,147914,146545,144106,142481,139171,138437,135853,135751,135730,132825,132021,129559,126500,125801,124010,122958,122785,122415,118598,117591,117204,113572,112718
date,Джирайя,Майто Гай,Uchiha Madara,Айзен,Shisui,AloneInTheDark,Rosich,sensey,Юморист,YuRaN III,Мастер ИП,Нет,Сайдзо,Rokyro Rau,Orochimaru,Rock Lee,Хедин,РИДИК,Tayuya,Kira,-Tobi-,Kirishima Touka,Конс,KillerNick,misha10x10x,DeYsTrave,Акабане Карма,Vizer fon Ghoul,Sakata Gintoki,Вулкан,Fludo,_Indra_,Социопат_мл,Леди ангел,Neji Hyuga,Йоши,Ога Тацуми,Silf,Trigun,Гаара,Andara,Большой Брат,Mikadzuki,Konan,Freir,Firebug,ArtiGarPotr,Нагато Пейн,герцогиня,Учиха Хидате,Торуне,-Uchiha-Artem-,СОНЯ,Izaya Orihara,CM Punk,Канеки Учиха,Deathstroke,Garadin,Минато Намикадзе,Pain,_ZeuS_,mazumuz,Djons,Младший Брат,треш,Гусь,Ledi,Курама Якумо,Сбежавший Учиха,Хичиго Широсаки,тихиЙ ужаС,Социопат,LoLka 80 lvl,Brave,Изуки Мидория,Тобирама Сенджу,Кимимаро,ШикамарУ,Г а а р а,Ogawa,zzStop,Последователь,~KiLLeR~,Пчёлка,Alukard,_Призрак_,Mirajane,Mrak,Scifsyyh,-Sally-,Флэш,StanLee,Плагиатор,Тендо Нагато,~TITAN~,TheJoker,Хрустальный Лис,Акасуна_но_Сасори,TipS,Корвин
20201118,134266,104798,100163,906336,900371,841639,815103,732435,661845,618593,594104,571972,554599,544921,526246,497780,472031,446548,429847,427810,425695,399700,386685,381147,379529,363950,360988,341375,340491,336095,334981,333531,327891,321966,320754,314649,299620,280884,274763,270282,264591,263580,253528,248518,243429,243202,241704,240797,239797,237813,223524,223481,223224,222665,214521,208275,204289,201254,199257,199257,198868,198148,194356,193833,193371,193273,182132,178843,177956,174668,173483,167807,165786,163046,153308,149844,149723,147914,146549,144106,142481,139171,138437,135853,135751,135730,132825,132021,129559,126500,125801,124010,123322,122792,122415,118598,117591,117204,113572,112718
date,Джирайя,Майто Гай,Uchiha Madara,Айзен,Shisui,AloneInTheDark,Rosich,sensey,Юморист,YuRaN III,Мастер ИП,Нет,Сайдзо,Rokyro Rau,Orochimaru,Rock Lee,Хедин,РИДИК,Tayuya,Kira,-Tobi-,Kirishima Touka,Конс,KillerNick,misha10x10x,DeYsTrave,Акабане Карма,Vizer fon Ghoul,Sakata Gintoki,Вулкан,Fludo,_Indra_,Социопат_мл,Леди ангел,Neji Hyuga,Йоши,Ога Тацуми,Silf,Trigun,Гаара,Andara,Большой Брат,Mikadzuki,Konan,Freir,Firebug,ArtiGarPotr,Нагато Пейн,герцогиня,Учиха Хидате,Торуне,-Uchiha-Artem-,СОНЯ,Izaya Orihara,CM Punk,Канеки Учиха,Deathstroke,Garadin,Минато Намикадзе,Pain,_ZeuS_,mazumuz,Djons,Младший Брат,треш,Гусь,Ledi,Курама Якумо,Сбежавший Учиха,Хичиго Широсаки,тихиЙ ужаС,Социопат,LoLka 80 lvl,Brave,Изуки Мидория,Тобирама Сенджу,Кимимаро,ШикамарУ,Г а а р а,Ogawa,zzStop,Последователь,~KiLLeR~,Пчёлка,Alukard,_Призрак_,Mirajane,Mrak,Scifsyyh,-Sally-,Флэш,StanLee,Плагиатор,Тендо Нагато,~TITAN~,TheJoker,Хрустальный Лис,Акасуна_но_Сасори,TipS,Корвин
20201119,134277,104798,100163,907190,900628,841688,815103,732699,662238,618593,594104,571972,554599,545417,526246,497780,472031,446548,429847,427810,425695,399700,387046,381147,379529,363950,360988,341428,340491,336095,334981,333531,327891,321966,320754,314649,299620,280884,274763,270282,264591,263963,253528,248518,243429,243202,241704,240797,239797,237813,223926,223481,223224,222665,214521,208275,204289,201254,199257,199257,198868,198148,194356,193833,193371,193273,182132,178971,177956,174668,173483,167807,165786,163046,153308,149844,149723,147914,146551,144106,142481,139171,138437,135853,135751,135730,132825,132021,129559,126500,125801,124010,123604,122795,122415,118598,117591,117204,113572,112718
date,Джирайя,Майто Гай,Uchiha Madara,Айзен,Shisui,AloneInTheDark,Rosich,sensey,Юморист,YuRaN III,Мастер ИП,Нет,Сайдзо,Rokyro Rau,Orochimaru,Rock Lee,Хедин,РИДИК,Tayuya,Kira,-Tobi-,Kirishima Touka,Конс,KillerNick,misha10x10x,DeYsTrave,Акабане Карма,Vizer fon Ghoul,Sakata Gintoki,Вулкан,Fludo,_Indra_,Социопат_мл,Леди ангел,Neji Hyuga,Йоши,Ога Тацуми,Silf,Trigun,Гаара,Andara,Большой Брат,Mikadzuki,Konan,Freir,Firebug,ArtiGarPotr,Нагато Пейн,герцогиня,Учиха Хидате,Торуне,-Uchiha-Artem-,СОНЯ,Izaya Orihara,CM Punk,Канеки Учиха,Deathstroke,Garadin,Минато Намикадзе,Pain,_ZeuS_,mazumuz,Djons,Младший Брат,треш,Гусь,Ledi,Курама Якумо,Сбежавший Учиха,Хичиго Широсаки,тихиЙ ужаС,Социопат,LoLka 80 lvl,Brave,Изуки Мидория,Тобирама Сенджу,Кимимаро,ШикамарУ,Г а а р а,Ogawa,zzStop,Последователь,~KiLLeR~,Пчёлка,Alukard,_Призрак_,Mirajane,Mrak,Scifsyyh,-Sally-,Флэш,Плагиатор,StanLee,Тендо Нагато,~TITAN~,TheJoker,Хрустальный Лис,Акасуна_но_Сасори,TipS,Корвин
20201120,134353,104798,100185,907697,901222,841854,815103,733174,662620,618593,594104,571972,554599,545831,526246,497780,472031,446548,429847,427810,425695,399700,387379,381147,379529,363950,360988,341428,340491,336095,334981,333531,327891,321966,320754,314649,299620,280884,274763,270282,264591,264260,253528,248518,243429,243202,241704,240797,239797,237813,224252,223481,223224,222665,214521,208275,204289,201254,199257,199257,198868,198148,194356,193833,193371,193273,182132,179050,177956,174668,173483,167807,165786,163046,153308,149844,149723,147914,146554,144106,142481,139171,138437,135853,135751,135730,132825,132021,129559,126500,125801,124037,124010,122798,122415,118598,117591,117204,113572,112718
date,Джирайя,Майто Гай,Uchiha Madara,Айзен,Shisui,AloneInTheDark,Rosich,sensey,Юморист,YuRaN III,Мастер ИП,Нет,Сайдзо,Rokyro Rau,Orochimaru,Rock Lee,Хедин,РИДИК,Tayuya,Kira,-Tobi-,Kirishima Touka,Конс,KillerNick,misha10x10x,DeYsTrave,Акабане Карма,Vizer fon Ghoul,Sakata Gintoki,Вулкан,Fludo,_Indra_,Социопат_мл,Леди ангел,Neji Hyuga,Йоши,Ога Тацуми,Silf,Trigun,Гаара,Большой Брат,Andara,Mikadzuki,Konan,Freir,Firebug,ArtiGarPotr,Нагато Пейн,герцогиня,Учиха Хидате,Торуне,-Uchiha-Artem-,СОНЯ,Izaya Orihara,CM Punk,Канеки Учиха,Deathstroke,Garadin,Минато Намикадзе,Pain,_ZeuS_,mazumuz,Djons,Младший Брат,треш,Гусь,Ledi,Курама Якумо,Сбежавший Учиха,Хичиго Широсаки,тихиЙ ужаС,Социопат,LoLka 80 lvl,Brave,Изуки Мидория,Тобирама Сенджу,Кимимаро,ШикамарУ,Г а а р а,Ogawa,zzStop,Последователь,~KiLLeR~,Пчёлка,Alukard,_Призрак_,Mirajane,Mrak,Scifsyyh,-Sally-,Флэш,Плагиатор,StanLee,Тендо Нагато,~TITAN~,TheJoker,Хрустальный Лис,Акасуна_но_Сасори,TipS,Корвин
20201121,134396,104798,100185,908104,901239,841929,815103,733535,663026,618593,594104,571972,554599,545977,526246,497780,473111,446548,429847,427810,425695,399700,387817,381147,379529,363950,360988,341428,340491,336095,334981,333531,327891,321966,320754,314649,299620,280884,274763,270282,264703,264591,253528,248518,243429,243202,241704,240797,239797,237813,224252,223481,223224,222665,214521,208275,204289,201254,199257,199257,198868,198148,194356,193833,193371,193273,182132,179050,177956,174668,173483,167807,165786,163046,153308,149844,149723,147914,146562,144106,142481,139171,138437,135853,135751,135730,132825,132021,129559,126500,125801,124581,124010,122800,122415,118598,117591,117204,113572,112718
date,Джирайя,Майто Гай,Uchiha Madara,Айзен,Shisui,AloneInTheDark,Rosich,sensey,Юморист,YuRaN III,Мастер ИП,Нет,Сайдзо,Rokyro Rau,Orochimaru,Rock Lee,Хедин,РИДИК,Tayuya,Kira,-Tobi-,Kirishima Touka,Конс,KillerNick,misha10x10x,DeYsTrave,Акабане Карма,Vizer fon Ghoul,Sakata Gintoki,Вулкан,Fludo,_Indra_,Социопат_мл,Леди ангел,Neji Hyuga,Йоши,Ога Тацуми,Silf,Trigun,Гаара,Большой Брат,Andara,Mikadzuki,Konan,Freir,Firebug,ArtiGarPotr,Нагато Пейн,герцогиня,Учиха Хидате,Торуне,-Uchiha-Artem-,СОНЯ,Izaya Orihara,CM Punk,Канеки Учиха,Deathstroke,Garadin,Минато Намикадзе,Pain,_ZeuS_,mazumuz,Djons,Младший Брат,треш,Гусь,Ledi,Курама Якумо,Сбежавший Учиха,Хичиго Широсаки,тихиЙ ужаС,Социопат,LoLka 80 lvl,Brave,Изуки Мидория,Тобирама Сенджу,Кимимаро,ШикамарУ,Г а а р а,Ogawa,zzStop,Последователь,~KiLLeR~,Пчёлка,Alukard,_Призрак_,Mirajane,Mrak,Scifsyyh,-Sally-,Флэш,Плагиатор,StanLee,Тендо Нагато,~TITAN~,TheJoker,Хрустальный Лис,Акасуна_но_Сасори,TipS,Корвин
20201122,134438,104798,100185,908759,902063,841941,815103,733888,663280,618593,594104,571972,554599,546513,526246,497780,474643,446548,429847,427900,425695,399700,388220,381147,379529,363950,360988,341428,340491,336095,334981,333531,327891,321966,320754,314649,299620,280884,274763,270282,264924,264591,253528,248518,243429,243202,241704,240797,239797,237813,224645,223481,223224,222665,214521,208275,204289,201254,199257,199257,198868,198148,194356,193833,193371,193273,182132,179050,177956,174668,173483,167807,165786,163046,153308,149844,149723,147914,146566,144106,142481,139172,138437,135853,135751,135730,132825,132021,129559,126500,125801,124946,124010,122806,122415,118598,117591,117204,113572,112718
date,Джирайя,Майто Гай,Uchiha Madara,Айзен,Shisui,AloneInTheDark,Rosich,sensey,Юморист,YuRaN III,Мастер ИП,Нет,Сайдзо,Rokyro Rau,Orochimaru,Rock Lee,Хедин,РИДИК,Tayuya,Kira,-Tobi-,Kirishima Touka,Конс,KillerNick,misha10x10x,DeYsTrave,Акабане Карма,Vizer fon Ghoul,Sakata Gintoki,Вулкан,Fludo,_Indra_,Социопат_мл,Леди ангел,Neji Hyuga,Йоши,Ога Тацуми,Silf,Trigun,Гаара,Большой Брат,Andara,Mikadzuki,Konan,Freir,Firebug,ArtiGarPotr,Нагато Пейн,герцогиня,Учиха Хидате,Торуне,-Uchiha-Artem-,СОНЯ,Izaya Orihara,CM Punk,Канеки Учиха,Deathstroke,Garadin,Минато Намикадзе,Pain,_ZeuS_,mazumuz,Djons,Младший Брат,треш,Гусь,Ledi,Курама Якумо,Сбежавший Учиха,Хичиго Широсаки,тихиЙ ужаС,Социопат,LoLka 80 lvl,Brave,Изуки Мидория,Тобирама Сенджу,Кимимаро,ШикамарУ,Г а а р а,Ogawa,zzStop,Последователь,~KiLLeR~,Пчёлка,Alukard,_Призрак_,Mirajane,Mrak,Scifsyyh,-Sally-,Флэш,Плагиатор,StanLee,Тендо Нагато,~TITAN~,TheJoker,Хрустальный Лис,Акасуна_но_Сасори,TipS,Корвин
20201123,134481,104798,100185,909032,902472,842103,815103,734234,663826,618593,594104,571972,554599,546911,526246,497780,476350,446548,429847,427940,425695,399700,388584,381147,379529,363950,360988,341428,340491,336095,334981,333531,327891,321966,320754,314649,299620,280884,274763,270282,265225,264591,253528,248518,243429,243202,241704,240797,239797,237813,224645,223481,223224,222665,214521,208275,204289,201254,199257,199257,198868,198148,194356,193833,193371,193273,182132,179050,177956,174668,173483,167807,165786,163046,153308,149844,149723,147914,146573,144106,142481,139172,138437,135853,135751,135730,132825,132021,129559,126500,125801,125227,124010,122816,122415,118598,117591,117204,113572,112718
date,Джирайя,Майто Гай,Uchiha Madara,Айзен,Shisui,AloneInTheDark,Rosich,sensey,Юморист,YuRaN III,Мастер ИП,Нет,Сайдзо,Rokyro Rau,Orochimaru,Rock Lee,Хедин,РИДИК,Tayuya,Kira,-Tobi-,Kirishima Touka,Конс,KillerNick,misha10x10x,DeYsTrave,Акабане Карма,Vizer fon Ghoul,Sakata Gintoki,Вулкан,Fludo,_Indra_,Социопат_мл,Леди ангел,Neji Hyuga,Йоши,Ога Тацуми,Silf,Trigun,Гаара,Большой Брат,Andara,Mikadzuki,Konan,Freir,Firebug,ArtiGarPotr,Нагато Пейн,герцогиня,Учиха Хидате,Торуне,-Uchiha-Artem-,СОНЯ,Izaya Orihara,CM Punk,Канеки Учиха,Deathstroke,Garadin,Минато Намикадзе,Pain,_ZeuS_,mazumuz,Djons,Младший Брат,треш,Гусь,Ledi,Курама Якумо,Сбежавший Учиха,Хичиго Широсаки,тихиЙ ужаС,Социопат,LoLka 80 lvl,Brave,Изуки Мидория,Тобирама Сенджу,Кимимаро,ШикамарУ,Г а а р а,Ogawa,zzStop,Последователь,~KiLLeR~,Пчёлка,Alukard,_Призрак_,Mirajane,Mrak,Scifsyyh,-Sally-,Флэш,Плагиатор,StanLee,Тендо Нагато,~TITAN~,TheJoker,Хрустальный Лис,Акасуна_но_Сасори,TipS,Корвин
20201124,134483,104798,100185,909795,902888,842276,815103,734604,664211,618593,594104,571972,554599,547312,526246,497780,477508,446548,429847,427940,425695,399700,388974,381147,379529,363950,360988,341428,340491,336095,334981,333531,327891,321966,320754,314649,299620,280884,274763,270672,265752,264591,253528,248518,243429,243202,241704,240797,239797,237813,225072,223481,223224,222665,214521,208275,204289,201254,199257,199257,198868,198148,194356,193833,193371,193273,182132,179050,177956,174668,173483,167807,165786,163046,153308,149844,149723,147914,146573,144106,142481,139172,138437,135853,135751,135730,132825,132021,129559,126500,125801,125453,124010,122816,122415,118598,117591,117204,113572,112718
date,Джирайя,Майто Гай,Uchiha Madara,Айзен,Shisui,AloneInTheDark,Rosich,sensey,Юморист,YuRaN III,Мастер ИП,Нет,Сайдзо,Rokyro Rau,Orochimaru,Rock Lee,Хедин,РИДИК,Tayuya,Kira,-Tobi-,Kirishima Touka,Конс,KillerNick,misha10x10x,DeYsTrave,Акабане Карма,Vizer fon Ghoul,Sakata Gintoki,Вулкан,Fludo,_Indra_,Социопат_мл,Леди ангел,Neji Hyuga,Йоши,Ога Тацуми,Silf,Trigun,Гаара,Большой Брат,Andara,Mikadzuki,Konan,Freir,Firebug,ArtiGarPotr,Нагато Пейн,герцогиня,Учиха Хидате,Торуне,-Uchiha-Artem-,СОНЯ,Izaya Orihara,CM Punk,Канеки Учиха,Deathstroke,Garadin,Минато Намикадзе,Pain,_ZeuS_,mazumuz,Djons,Младший Брат,треш,Гусь,Ledi,Курама Якумо,Сбежавший Учиха,Хичиго Широсаки,тихиЙ ужаС,Социопат,LoLka 80 lvl,Brave,Изуки Мидория,Тобирама Сенджу,Кимимаро,ШикамарУ,Г а а р а,Ogawa,zzStop,Последователь,~KiLLeR~,Пчёлка,Alukard,_Призрак_,Mirajane,Mrak,Scifsyyh,-Sally-,Плагиатор,Флэш,StanLee,Тендо Нагато,~TITAN~,TheJoker,Хрустальный Лис,Акасуна_но_Сасори,TipS,Корвин
20201125,134553,104798,100185,910159,903275,842512,815103,734793,664620,618593,594104,571972,554599,547688,526246,497780,478099,446548,429847,427940,425695,399700,389348,381147,379529,363950,360988,341428,340491,336095,334981,333531,327891,321966,320754,314649,299620,280884,274763,270672,266171,264591,253528,248518,243429,243202,241704,240797,239797,237813,225425,223481,223224,222665,214521,208275,204289,201254,199257,199257,198868,198148,194356,193833,193371,193273,182132,179050,177956,174668,173483,167807,165786,163046,153308,149844,149723,147914,146573,144106,142481,139172,138437,135853,135751,135730,132825,132021,129559,126500,125893,125801,124010,122816,122415,118598,117591,117204,113572,112718
date,Джирайя,Майто Гай,Uchiha Madara,Айзен,Shisui,AloneInTheDark,Rosich,sensey,Юморист,YuRaN III,Мастер ИП,Нет,Сайдзо,Rokyro Rau,Orochimaru,Rock Lee,Хедин,РИДИК,Tayuya,Kira,-Tobi-,Kirishima Touka,Конс,KillerNick,misha10x10x,DeYsTrave,Акабане Карма,Vizer fon Ghoul,Sakata Gintoki,Вулкан,Fludo,_Indra_,Социопат_мл,Леди ангел,Neji Hyuga,Йоши,Ога Тацуми,Silf,Trigun,Гаара,Большой Брат,Andara,Mikadzuki,Konan,Freir,Firebug,ArtiGarPotr,Нагато Пейн,герцогиня,Учиха Хидате,Торуне,-Uchiha-Artem-,СОНЯ,Izaya Orihara,CM Punk,Канеки Учиха,Deathstroke,Garadin,Минато Намикадзе,Pain,_ZeuS_,mazumuz,Djons,Младший Брат,треш,Гусь,Ledi,Курама Якумо,Сбежавший Учиха,Хичиго Широсаки,тихиЙ ужаС,Социопат,LoLka 80 lvl,Brave,Изуки Мидория,Тобирама Сенджу,Кимимаро,ШикамарУ,Г а а р а,Ogawa,zzStop,Последователь,~KiLLeR~,Пчёлка,Alukard,_Призрак_,Mirajane,Mrak,Scifsyyh,-Sally-,Плагиатор,Флэш,StanLee,Тендо Нагато,~TITAN~,TheJoker,Хрустальный Лис,Акасуна_но_Сасори,TipS,Корвин
20201126,134590,104798,100185,910658,903729,842706,815103,735249,664993,618593,594107,571972,554599,547932,526246,497780,478560,446548,429847,427940,425695,399700,389731,381148,379529,363950,360988,341428,340491,336095,334981,333531,327891,321966,320754,314649,299620,280884,274763,270672,266433,264591,253528,248518,243429,243202,241704,240797,239797,237813,225425,223481,223224,222665,214521,208275,204289,201254,199257,199257,198868,198148,194356,193833,193371,193273,182132,179050,177956,174668,173483,167807,165786,163046,153308,149844,149723,147914,146573,144106,142481,139172,138437,135853,135751,135730,132825,132021,129559,126500,126128,125801,124010,122816,122415,118598,117591,117204,113721,112718
date,Джирайя,Майто Гай,Uchiha Madara,Айзен,Shisui,AloneInTheDark,Rosich,sensey,Юморист,YuRaN III,Мастер ИП,Нет,Сайдзо,Rokyro Rau,Orochimaru,Rock Lee,Хедин,РИДИК,Tayuya,Kira,-Tobi-,Kirishima Touka,Конс,KillerNick,misha10x10x,DeYsTrave,Акабане Карма,Vizer fon Ghoul,Sakata Gintoki,Вулкан,Fludo,_Indra_,Социопат_мл,Леди ангел,Neji Hyuga,Йоши,Ога Тацуми,Silf,Trigun,Гаара,Большой Брат,Andara,Mikadzuki,Konan,Freir,Firebug,ArtiGarPotr,Нагато Пейн,герцогиня,Учиха Хидате,Торуне,-Uchiha-Artem-,СОНЯ,Izaya Orihara,CM Punk,Канеки Учиха,Deathstroke,Garadin,Минато Намикадзе,Pain,_ZeuS_,mazumuz,Djons,Младший Брат,треш,Гусь,Ledi,Курама Якумо,Сбежавший Учиха,Хичиго Широсаки,тихиЙ ужаС,Социопат,LoLka 80 lvl,Brave,Изуки Мидория,Тобирама Сенджу,Кимимаро,ШикамарУ,Г а а р а,Ogawa,zzStop,Последователь,~KiLLeR~,Пчёлка,Alukard,_Призрак_,Mirajane,Mrak,Scifsyyh,Плагиатор,-Sally-,Флэш,StanLee,Тендо Нагато,~TITAN~,TheJoker,Хрустальный Лис,Акасуна_но_Сасори,TipS,Корвин
20201127,134647,104798,100185,911074,904158,842778,815103,735656,665392,618593,594107,571972,554599,548081,526246,497780,478583,446548,429847,427940,425695,399700,390115,381148,379529,363950,360988,341428,340491,336095,334981,333531,327891,321966,320754,314649,299620,280884,274763,271066,266785,264591,253528,248518,243429,243202,241704,240797,239797,237813,225815,223481,223224,222665,214521,208275,204289,201254,199257,199257,198868,198148,194356,193833,193371,193273,182132,179050,177956,174668,173483,167807,165786,163046,153308,149844,149723,147914,146574,144106,142481,139172,138437,135853,135751,135730,132825,132021,129559,126645,126500,125801,124010,122818,122415,118598,117591,117204,114392,112718
date,Джирайя,Майто Гай,Uchiha Madara,Айзен,Shisui,AloneInTheDark,Rosich,sensey,Юморист,YuRaN III,Мастер ИП,Нет,Сайдзо,Rokyro Rau,Orochimaru,Rock Lee,Хедин,РИДИК,Tayuya,Kira,-Tobi-,Kirishima Touka,Конс,KillerNick,misha10x10x,DeYsTrave,Акабане Карма,Vizer fon Ghoul,Sakata Gintoki,Вулкан,Fludo,_Indra_,Социопат_мл,Леди ангел,Neji Hyuga,Йоши,Ога Тацуми,Silf,Trigun,Гаара,Большой Брат,Andara,Mikadzuki,Konan,Freir,Firebug,ArtiGarPotr,Нагато Пейн,герцогиня,Учиха Хидате,Торуне,-Uchiha-Artem-,СОНЯ,Izaya Orihara,CM Punk,Канеки Учиха,Deathstroke,Garadin,Минато Намикадзе,Pain,_ZeuS_,mazumuz,Djons,Младший Брат,треш,Гусь,Ledi,Курама Якумо,Сбежавший Учиха,Хичиго Широсаки,тихиЙ ужаС,Социопат,LoLka 80 lvl,Brave,Изуки Мидория,Тобирама Сенджу,Кимимаро,ШикамарУ,Г а а р а,Ogawa,zzStop,Последователь,~KiLLeR~,Пчёлка,Alukard,_Призрак_,Mirajane,Mrak,Scifsyyh,Плагиатор,-Sally-,Флэш,StanLee,Тендо Нагато,~TITAN~,TheJoker,Хрустальный Лис,Акасуна_но_Сасори,TipS,Корвин
20201128,134690,104798,100185,911530,904585,842980,815103,736018,665784,618593,594107,571972,554599,548289,526246,497780,479388,446548,429847,427940,425695,399700,390501,381148,379529,363950,360988,341428,340491,336095,334981,333531,327891,321966,320754,314649,299620,280884,274763,271066,267283,264591,253528,248518,243429,243202,241704,240797,239797,237813,225815,223481,223224,222665,214521,208275,204289,201254,199257,199257,198868,198148,194356,193833,193371,193273,182132,179050,177956,174668,173483,167807,165786,163046,153308,149844,149723,147914,146575,144106,142481,139172,138437,135853,135751,135730,132825,132021,129559,126893,126500,125801,124010,122819,122415,118598,117591,117204,114476,112718
date,Джирайя,Майто Гай,Uchiha Madara,Айзен,Shisui,AloneInTheDark,Rosich,sensey,Юморист,YuRaN III,Мастер ИП,Нет,Сайдзо,Rokyro Rau,Orochimaru,Rock Lee,Хедин,РИДИК,Tayuya,Kira,-Tobi-,Kirishima Touka,Конс,KillerNick,misha10x10x,DeYsTrave,Акабане Карма,Vizer fon Ghoul,Sakata Gintoki,Вулкан,Fludo,_Indra_,Социопат_мл,Леди ангел,Neji Hyuga,Йоши,Ога Тацуми,Silf,Trigun,Гаара,Большой Брат,Andara,Mikadzuki,Konan,Freir,Firebug,ArtiGarPotr,Нагато Пейн,герцогиня,Учиха Хидате,Торуне,-Uchiha-Artem-,СОНЯ,Izaya Orihara,CM Punk,Канеки Учиха,Deathstroke,Garadin,Минато Намикадзе,Pain,_ZeuS_,mazumuz,Djons,Младший Брат,треш,Гусь,Ledi,Курама Якумо,Сбежавший Учиха,Хичиго Широсаки,тихиЙ ужаС,Социопат,LoLka 80 lvl,Brave,Изуки Мидория,Тобирама Сенджу,Кимимаро,ШикамарУ,Г а а р а,Ogawa,zzStop,Последователь,~KiLLeR~,Пчёлка,Alukard,_Призрак_,Mirajane,Mrak,Scifsyyh,Плагиатор,-Sally-,Флэш,StanLee,Тендо Нагато,~TITAN~,TheJoker,Хрустальный Лис,Акасуна_но_Сасори,TipS,Корвин
20201129,134732,104798,100186,911844,904998,843229,815103,736368,666182,618593,594107,571972,554599,548557,526246,497780,479566,446548,429847,427940,425695,399700,390888,381148,379529,363950,360988,341428,340491,336095,334981,333531,327891,321966,320754,314649,299620,280884,274763,271066,267555,264591,253528,248518,243429,243202,241704,240797,239797,237813,226211,223481,223224,222665,214521,208275,204289,201254,199257,199257,198868,198148,194356,193833,193371,193273,182132,179050,177956,174668,173483,167807,165786,163046,153308,149844,149723,147914,146575,144106,142481,139172,138437,135853,135751,135730,132825,132021,129559,127381,126500,125801,124010,122819,122415,118598,117591,117204,114476,112718
date,Джирайя,Майто Гай,Uchiha Madara,Айзен,Shisui,AloneInTheDark,Rosich,sensey,Юморист,YuRaN III,Мастер ИП,Нет,Сайдзо,Rokyro Rau,Orochimaru,Rock Lee,Хедин,РИДИК,Tayuya,Kira,-Tobi-,Kirishima Touka,Конс,KillerNick,misha10x10x,DeYsTrave,Акабане Карма,Vizer fon Ghoul,Sakata Gintoki,Вулкан,Fludo,_Indra_,Социопат_мл,Леди ангел,Neji Hyuga,Йоши,Ога Тацуми,Silf,Trigun,Гаара,Большой Брат,Andara,Mikadzuki,Konan,Freir,Firebug,ArtiGarPotr,Нагато Пейн,герцогиня,Учиха Хидате,Торуне,-Uchiha-Artem-,СОНЯ,Izaya Orihara,CM Punk,Канеки Учиха,Deathstroke,Garadin,Минато Намикадзе,Pain,_ZeuS_,mazumuz,Djons,Младший Брат,треш,Гусь,Ledi,Курама Якумо,Сбежавший Учиха,Хичиго Широсаки,тихиЙ ужаС,Социопат,LoLka 80 lvl,Brave,Изуки Мидория,Тобирама Сенджу,Кимимаро,ШикамарУ,Г а а р а,Ogawa,zzStop,Последователь,~KiLLeR~,Пчёлка,Alukard,_Призрак_,Mirajane,Mrak,Scifsyyh,Плагиатор,-Sally-,Флэш,StanLee,Тендо Нагато,~TITAN~,TheJoker,Хрустальный Лис,Акасуна_но_Сасори,TipS,Корвин
20201130,134774,104798,100186,912327,905034,843794,815103,736746,666564,618593,594107,571972,554599,548912,526246,497780,479764,446548,429847,427940,425695,399700,391267,381148,379529,363950,360988,341428,340491,336095,334981,333531,327891,321966,320754,314649,299620,280884,274763,271066,267966,264591,253528,248518,243429,243202,241704,240797,239797,237813,226211,223481,223224,222665,214521,208275,204289,201254,199257,199257,198868,198148,194356,193833,193371,193273,182132,179050,177956,174668,173483,167807,165786,163046,153308,149844,149723,147914,146576,144106,142481,139172,138437,135853,135751,135730,132825,132021,129559,127695,126500,125801,124010,122822,122415,118598,117591,117204,114526,112718
date,Джирайя,Майто Гай,Uchiha Madara,Айзен,Shisui,AloneInTheDark,Rosich,sensey,Юморист,YuRaN III,Мастер ИП,Нет,Сайдзо,Rokyro Rau,Orochimaru,Rock Lee,Хедин,РИДИК,Tayuya,Kira,-Tobi-,Kirishima Touka,Конс,KillerNick,misha10x10x,DeYsTrave,Акабане Карма,Vizer fon Ghoul,Sakata Gintoki,Вулкан,Fludo,_Indra_,Социопат_мл,Леди ангел,Neji Hyuga,Йоши,Ога Тацуми,Silf,Trigun,Гаара,Большой Брат,Andara,Mikadzuki,Konan,Freir,Firebug,ArtiGarPotr,Нагато Пейн,герцогиня,Учиха Хидате,Торуне,-Uchiha-Artem-,СОНЯ,Izaya Orihara,CM Punk,Канеки Учиха,Deathstroke,Garadin,Минато Намикадзе,Pain,_ZeuS_,mazumuz,Djons,Младший Брат,треш,Гусь,Ledi,Курама Якумо,Сбежавший Учиха,Хичиго Широсаки,тихиЙ ужаС,Социопат,LoLka 80 lvl,Brave,Изуки Мидория,Тобирама Сенджу,Кимимаро,ШикамарУ,Г а а р а,Ogawa,zzStop,Последователь,~KiLLeR~,Пчёлка,Alukard,_Призрак_,Mirajane,Mrak,Scifsyyh,Плагиатор,-Sally-,Флэш,StanLee,Тендо Нагато,~TITAN~,TheJoker,Хрустальный Лис,Акасуна_но_Сасори,TipS,Корвин
20201201,134819,104798,100186,912949,905833,843939,815103,737012,666966,618593,594107,571972,554599,549397,526246,497780,480281,446548,429847,427940,425695,399700,391646,381148,379529,363950,360988,341581,340491,336095,334981,333531,327891,321966,320754,314649,299620,280884,274763,271066,268375,264591,253528,248518,243429,243202,241704,240797,239797,237813,226609,223481,223224,222665,214521,208275,204289,201254,199257,199257,198868,198148,194356,193833,193371,193273,182132,179050,177956,174668,173483,167807,165786,163046,153308,149844,149723,147914,146585,144106,142481,139172,138437,135853,135751,135730,132825,132021,129559,128189,126500,125801,124010,122827,122415,118598,117591,117204,114526,112718
date,Джирайя,Майто Гай,Uchiha Madara,Айзен,Shisui,AloneInTheDark,Rosich,sensey,Юморист,YuRaN III,Мастер ИП,Нет,Сайдзо,Rokyro Rau,Orochimaru,Rock Lee,Хедин,РИДИК,Tayuya,Kira,-Tobi-,Kirishima Touka,Конс,KillerNick,misha10x10x,DeYsTrave,Акабане Карма,Vizer fon Ghoul,Sakata Gintoki,Вулкан,Fludo,_Indra_,Социопат_мл,Леди ангел,Neji Hyuga,Йоши,Ога Тацуми,Silf,Trigun,Гаара,Большой Брат,Andara,Mikadzuki,Konan,Freir,Firebug,ArtiGarPotr,Нагато Пейн,герцогиня,Учиха Хидате,Торуне,-Uchiha-Artem-,СОНЯ,Izaya Orihara,CM Punk,Канеки Учиха,Deathstroke,Garadin,Минато Намикадзе,Pain,_ZeuS_,mazumuz,Djons,Младший Брат,треш,Гусь,Ledi,Курама Якумо,Сбежавший Учиха,Хичиго Широсаки,тихиЙ ужаС,Социопат,LoLka 80 lvl,Brave,Изуки Мидория,Тобирама Сенджу,Кимимаро,ШикамарУ,Г а а р а,Ogawa,zzStop,Последователь,~KiLLeR~,Пчёлка,Alukard,_Призрак_,Mirajane,Mrak,Scifsyyh,Плагиатор,-Sally-,Флэш,StanLee,Тендо Нагато,~TITAN~,TheJoker,Хрустальный Лис,Акасуна_но_Сасори,TipS,Корвин
20201202,134860,104798,100186,913414,906254,844095,815103,737279,667364,618593,594107,571972,554599,549813,526246,497780,480599,446549,429847,427940,425695,399700,392004,381148,379529,363950,360988,341978,340491,336095,334981,333531,327891,321966,320754,314649,299620,280884,274763,271066,268669,264591,253528,248518,243429,243202,241704,240797,239797,237813,226609,223481,223224,222665,214521,208275,204289,201254,199257,199257,198868,198148,194356,193833,193371,193273,182132,179050,177956,174668,173483,167807,165786,163046,153308,149844,149723,147914,146590,144106,142481,139172,138437,135853,135751,135730,132825,132021,129559,128404,126500,125801,124010,122830,122415,118598,117591,117204,114632,112718
date,Джирайя,Майто Гай,Uchiha Madara,Айзен,Shisui,AloneInTheDark,Rosich,sensey,Юморист,YuRaN III,Мастер ИП,Нет,Сайдзо,Rokyro Rau,Orochimaru,Rock Lee,Хедин,РИДИК,Tayuya,Kira,-Tobi-,Kirishima Touka,Конс,KillerNick,misha10x10x,DeYsTrave,Акабане Карма,Vizer fon Ghoul,Sakata Gintoki,Вулкан,Fludo,_Indra_,Социопат_мл,Леди ангел,Neji Hyuga,Йоши,Ога Тацуми,Silf,Trigun,Гаара,Большой Брат,Andara,Mikadzuki,Konan,Freir,Firebug,ArtiGarPotr,Нагато Пейн,герцогиня,Учиха Хидате,Торуне,-Uchiha-Artem-,СОНЯ,Izaya Orihara,CM Punk,Канеки Учиха,Deathstroke,Garadin,Минато Намикадзе,Pain,_ZeuS_,mazumuz,Djons,Младший Брат,треш,Гусь,Ledi,Курама Якумо,Сбежавший Учиха,Хичиго Широсаки,тихиЙ ужаС,Социопат,LoLka 80 lvl,Brave,Изуки Мидория,Тобирама Сенджу,Кимимаро,ШикамарУ,Г а а р а,Ogawa,zzStop,Последователь,~KiLLeR~,Пчёлка,Alukard,_Призрак_,Mirajane,Mrak,Scifsyyh,Плагиатор,-Sally-,Флэш,StanLee,Тендо Нагато,~TITAN~,TheJoker,Хрустальный Лис,Акасуна_но_Сасори,TipS,Корвин
20201203,134901,104798,100186,913918,906568,844258,815103,737745,667766,618593,594107,571972,554599,550039,526246,497780,480919,446549,429847,427940,425695,399700,392404,381148,379529,363950,360988,342352,340491,336095,334981,333531,327891,321966,320754,314649,299620,280884,274763,271066,269072,264591,253528,248518,243429,243202,241704,240797,239797,237813,226609,223481,223224,222665,214521,208275,204289,201254,199257,199257,198868,198148,194356,193833,193371,193273,182132,179050,177956,174668,173483,167807,165786,163046,153308,149844,149723,147914,146597,144106,142481,139172,138437,135853,135751,135730,132825,132021,129559,128878,126500,125801,124010,122833,122415,118598,117591,117204,114632,112718
date,Джирайя,Майто Гай,Uchiha Madara,Айзен,Shisui,AloneInTheDark,Rosich,sensey,Юморист,YuRaN III,Мастер ИП,Нет,Сайдзо,Rokyro Rau,Orochimaru,Rock Lee,Хедин,РИДИК,Tayuya,Kira,-Tobi-,Kirishima Touka,Конс,KillerNick,misha10x10x,DeYsTrave,Акабане Карма,Vizer fon Ghoul,Sakata Gintoki,Вулкан,Fludo,_Indra_,Социопат_мл,Леди ангел,Neji Hyuga,Йоши,Ога Тацуми,Silf,Trigun,Гаара,Большой Брат,Andara,Mikadzuki,Konan,Freir,Firebug,ArtiGarPotr,Нагато Пейн,герцогиня,Учиха Хидате,Торуне,-Uchiha-Artem-,СОНЯ,Izaya Orihara,CM Punk,Канеки Учиха,Deathstroke,Garadin,Минато Намикадзе,Pain,_ZeuS_,mazumuz,Djons,Младший Брат,треш,Гусь,Ledi,Курама Якумо,Сбежавший Учиха,Хичиго Широсаки,тихиЙ ужаС,Социопат,LoLka 80 lvl,Brave,Изуки Мидория,Тобирама Сенджу,Кимимаро,ШикамарУ,Г а а р а,Ogawa,zzStop,Последователь,~KiLLeR~,Пчёлка,Alukard,_Призрак_,Mirajane,Mrak,Scifsyyh,Плагиатор,-Sally-,Флэш,StanLee,Тендо Нагато,~TITAN~,TheJoker,Хрустальный Лис,Акасуна_но_Сасори,TipS,Корвин
20201204,134937,104798,100186,914428,907093,844388,815103,738151,668167,618593,594107,571972,554599,550521,526246,497780,481448,446549,429847,427940,425695,399700,392784,381148,379529,363950,360988,342403,340491,336095,334981,333531,327891,321966,320754,314649,299620,280884,274763,271066,269426,264591,253528,248518,243429,243202,241704,240797,239986,237813,226609,223481,223224,222665,214521,208275,204289,201254,199257,199257,198868,198148,194356,193833,193371,193273,182132,179050,177956,174668,173483,167807,165786,163046,153308,149844,149723,147914,146604,144106,142481,139172,138437,135853,135751,135730,132825,132021,129559,129027,126500,125801,124010,122836,122415,118598,117591,117204,114632,112718
date,Джирайя,Майто Гай,Uchiha Madara,Айзен,Shisui,AloneInTheDark,Rosich,sensey,Юморист,YuRaN III,Мастер ИП,Нет,Сайдзо,Rokyro Rau,Orochimaru,Rock Lee,Хедин,РИДИК,Tayuya,Kira,-Tobi-,Kirishima Touka,Конс,KillerNick,misha10x10x,DeYsTrave,Акабане Карма,Vizer fon Ghoul,Sakata Gintoki,Вулкан,Fludo,_Indra_,Социопат_мл,Леди ангел,Neji Hyuga,Йоши,Ога Тацуми,Silf,Trigun,Гаара,Большой Брат,Andara,Mikadzuki,Konan,Freir,Firebug,ArtiGarPotr,Нагато Пейн,герцогиня,Учиха Хидате,Торуне,-Uchiha-Artem-,СОНЯ,Izaya Orihara,CM Punk,Канеки Учиха,Deathstroke,Garadin,Минато Намикадзе,Pain,_ZeuS_,mazumuz,Djons,Младший Брат,треш,Гусь,Ledi,Курама Якумо,Сбежавший Учиха,Хичиго Широсаки,тихиЙ ужаС,Социопат,LoLka 80 lvl,Brave,Изуки Мидория,Тобирама Сенджу,Кимимаро,ШикамарУ,Г а а р а,Ogawa,zzStop,Последователь,~KiLLeR~,Пчёлка,Alukard,_Призрак_,Mirajane,Mrak,Плагиатор,Scifsyyh,-Sally-,Флэш,StanLee,Тендо Нагато,~TITAN~,TheJoker,Хрустальный Лис,Акасуна_но_Сасори,TipS,Корвин
20201205,134988,104798,100186,914864,907099,844608,815103,738546,668368,618593,594107,571972,554599,550720,526246,497780,481827,446549,429847,427940,425695,399700,393172,381148,379529,363950,360988,342455,340491,336095,334981,333531,327891,321966,320754,314649,299620,280884,274763,271066,269777,264591,253528,248518,243429,243202,241704,240797,239987,237813,226609,223481,223224,222665,214521,208275,204289,201254,199257,199257,198868,198148,194356,193833,193371,193273,182132,179050,177956,174668,173483,167807,165786,163046,153308,149844,149723,147914,146608,144106,142481,139172,138437,135853,135751,135730,132825,132021,129613,129559,126500,125801,124010,122838,122415,118598,117591,117204,114632,112718
date,Джирайя,Майто Гай,Uchiha Madara,Айзен,Shisui,AloneInTheDark,Rosich,sensey,Юморист,YuRaN III,Мастер ИП,Нет,Сайдзо,Rokyro Rau,Orochimaru,Rock Lee,Хедин,РИДИК,Tayuya,Kira,-Tobi-,Kirishima Touka,Конс,KillerNick,misha10x10x,DeYsTrave,Акабане Карма,Vizer fon Ghoul,Sakata Gintoki,Вулкан,Fludo,_Indra_,Социопат_мл,Леди ангел,Neji Hyuga,Йоши,Ога Тацуми,Silf,Trigun,Гаара,Большой Брат,Andara,Mikadzuki,Konan,Freir,Firebug,ArtiGarPotr,Нагато Пейн,герцогиня,Учиха Хидате,Торуне,-Uchiha-Artem-,СОНЯ,Izaya Orihara,CM Punk,Канеки Учиха,Deathstroke,Garadin,Минато Намикадзе,Pain,_ZeuS_,mazumuz,Djons,Младший Брат,треш,Гусь,Ledi,Курама Якумо,Сбежавший Учиха,Хичиго Широсаки,тихиЙ ужаС,Социопат,LoLka 80 lvl,Brave,Изуки Мидория,Тобирама Сенджу,Кимимаро,ШикамарУ,Г а а р а,Ogawa,zzStop,Последователь,~KiLLeR~,Пчёлка,Alukard,_Призрак_,Mirajane,Mrak,Плагиатор,Scifsyyh,-Sally-,Флэш,StanLee,Тендо Нагато,~TITAN~,TheJoker,Хрустальный Лис,Акасуна_но_Сасори,TipS,Корвин
20201206,135031,104798,100186,915399,907932,844704,815103,738679,668368,618593,594107,571972,554599,550916,526246,497780,482000,446549,429847,427940,425695,399700,393548,381148,379529,363950,360988,342641,340491,336095,334981,333531,327891,321966,320754,314649,299620,280884,274763,271066,269981,264591,253528,248518,243429,243202,241704,240797,239987,237813,226609,223481,223224,222665,214521,208275,204289,201254,199257,199257,198868,198148,194356,193833,193371,193273,182132,179050,177956,174668,173483,167807,165786,163046,153308,149844,149723,147914,146616,144106,142481,139172,138437,135853,135751,135730,132825,132021,129993,129559,126500,125801,124010,122843,122415,118598,117591,117204,114632,112718
date,Джирайя,Майто Гай,Uchiha Madara,Айзен,Shisui,AloneInTheDark,Rosich,sensey,Юморист,YuRaN III,Мастер ИП,Нет,Сайдзо,Rokyro Rau,Orochimaru,Rock Lee,Хедин,РИДИК,Tayuya,Kira,-Tobi-,Kirishima Touka,Конс,KillerNick,misha10x10x,DeYsTrave,Акабане Карма,Vizer fon Ghoul,Sakata Gintoki,Вулкан,Fludo,_Indra_,Социопат_мл,Леди ангел,Neji Hyuga,Йоши,Ога Тацуми,Silf,Trigun,Гаара,Большой Брат,Andara,Mikadzuki,Konan,Freir,Firebug,ArtiGarPotr,Нагато Пейн,герцогиня,Учиха Хидате,Торуне,-Uchiha-Artem-,СОНЯ,Izaya Orihara,CM Punk,Канеки Учиха,Deathstroke,Garadin,Минато Намикадзе,Pain,_ZeuS_,mazumuz,Djons,Младший Брат,треш,Гусь,Ledi,Курама Якумо,Сбежавший Учиха,Хичиго Широсаки,тихиЙ ужаС,Социопат,LoLka 80 lvl,Brave,Изуки Мидория,Тобирама Сенджу,Кимимаро,ШикамарУ,Г а а р а,Ogawa,zzStop,Последователь,~KiLLeR~,Пчёлка,Alukard,_Призрак_,Mirajane,Mrak,Плагиатор,Scifsyyh,-Sally-,Флэш,StanLee,Тендо Нагато,~TITAN~,TheJoker,Хрустальный Лис,Акасуна_но_Сасори,TipS,Корвин
20201207,135064,104798,100186,915841,908258,844916,815103,739247,668880,618593,594107,571972,554599,551629,526246,497780,482270,446549,429847,427940,425695,399700,393933,381148,379529,363950,360988,343039,340491,336095,334981,333531,327891,321966,320754,314649,299620,280884,274763,271106,270362,264591,253528,248518,243429,243202,241704,240797,239998,237813,226609,223481,223224,222665,214521,208275,204289,201254,199257,199257,198868,198148,194356,193833,193371,193273,182132,179050,177956,174668,173483,167807,165786,163046,153308,149844,149723,147914,146624,144106,142481,139172,138437,135853,135751,135730,132825,132021,130341,129559,126500,125801,124010,122846,122415,118598,117591,117204,114632,112718
date,Джирайя,Майто Гай,Uchiha Madara,Айзен,Shisui,AloneInTheDark,Rosich,sensey,Юморист,YuRaN III,Мастер ИП,Нет,Сайдзо,Rokyro Rau,Orochimaru,Rock Lee,Хедин,РИДИК,Tayuya,Kira,-Tobi-,Kirishima Touka,Конс,KillerNick,misha10x10x,DeYsTrave,Акабане Карма,Vizer fon Ghoul,Sakata Gintoki,Вулкан,Fludo,_Indra_,Социопат_мл,Леди ангел,Neji Hyuga,Йоши,Ога Тацуми,Silf,Trigun,Гаара,Большой Брат,Andara,Mikadzuki,Konan,Freir,Firebug,ArtiGarPotr,Нагато Пейн,герцогиня,Учиха Хидате,Торуне,-Uchiha-Artem-,СОНЯ,Izaya Orihara,CM Punk,Канеки Учиха,Deathstroke,Garadin,Минато Намикадзе,Pain,_ZeuS_,mazumuz,Djons,Младший Брат,треш,Гусь,Ledi,Курама Якумо,Сбежавший Учиха,Хичиго Широсаки,тихиЙ ужаС,Социопат,LoLka 80 lvl,Brave,Изуки Мидория,Тобирама Сенджу,Кимимаро,ШикамарУ,Г а а р а,Ogawa,zzStop,Последователь,~KiLLeR~,Пчёлка,Alukard,_Призрак_,Mirajane,Mrak,Плагиатор,Scifsyyh,-Sally-,Флэш,StanLee,Тендо Нагато,~TITAN~,TheJoker,Хрустальный Лис,Акасуна_но_Сасори,TipS,Корвин
20201208,135088,104798,100186,916348,908771,845027,815103,739618,669371,618593,594107,571972,554599,552033,526246,497780,482380,446549,429847,427940,425695,399700,394314,381148,379529,363950,360988,343427,340491,336095,334981,333531,327891,321966,320754,314649,299620,280884,274763,271106,270712,264591,253528,248518,243429,243202,241704,240797,240193,237813,226609,223481,223224,222665,214521,208275,204289,201254,199257,199257,198868,198148,194356,193833,193371,193273,182132,179050,177956,174668,173483,167807,165786,163046,153308,149844,149723,147914,146630,144106,142481,139172,138437,135853,135751,135730,132825,132021,130643,129559,126500,125801,124010,122850,122415,118598,117591,117204,114632,112718
date,Джирайя,Майто Гай,Uchiha Madara,Айзен,Shisui,AloneInTheDark,Rosich,sensey,Юморист,YuRaN III,Мастер ИП,Нет,Сайдзо,Rokyro Rau,Orochimaru,Rock Lee,Хедин,РИДИК,Tayuya,Kira,-Tobi-,Kirishima Touka,Конс,KillerNick,misha10x10x,DeYsTrave,Акабане Карма,Vizer fon Ghoul,Sakata Gintoki,Вулкан,Fludo,_Indra_,Социопат_мл,Леди ангел,Neji Hyuga,Йоши,Ога Тацуми,Silf,Trigun,Большой Брат,Гаара,Andara,Mikadzuki,Konan,Freir,Firebug,ArtiGarPotr,Нагато Пейн,герцогиня,Учиха Хидате,Торуне,-Uchiha-Artem-,СОНЯ,Izaya Orihara,CM Punk,Канеки Учиха,Deathstroke,Garadin,Минато Намикадзе,Pain,_ZeuS_,mazumuz,Djons,Младший Брат,треш,Гусь,Ledi,Курама Якумо,Сбежавший Учиха,Хичиго Широсаки,тихиЙ ужаС,Социопат,LoLka 80 lvl,Brave,Изуки Мидория,Тобирама Сенджу,Кимимаро,ШикамарУ,Г а а р а,Ogawa,zzStop,Последователь,~KiLLeR~,Пчёлка,Alukard,_Призрак_,Mirajane,Mrak,Плагиатор,Scifsyyh,-Sally-,Флэш,StanLee,Тендо Нагато,~TITAN~,TheJoker,Хрустальный Лис,Акасуна_но_Сасори,TipS,Корвин
20201209,135137,104798,100186,916794,909174,845127,815103,739968,669766,618593,594107,571972,554599,552304,526246,497780,482792,446549,429847,427940,425695,399700,394698,381148,379529,363950,360988,343788,340491,336095,334981,333531,327891,321966,320754,314649,299620,280884,274763,271150,271106,264591,253528,248518,243429,243202,241704,240797,240339,237813,226609,223481,223224,222665,214521,208275,204289,201254,199257,199257,198868,198148,194356,193833,193371,193273,182132,179050,177956,174668,173483,167807,165786,163046,153308,149844,149723,147914,146634,144106,142481,139172,138437,135853,135751,135730,132825,132021,130799,129559,126500,125801,124010,122854,122415,118598,117591,117204,114632,112718
date,Джирайя,Майто Гай,Uchiha Madara,Айзен,Shisui,AloneInTheDark,Rosich,sensey,Юморист,YuRaN III,Мастер ИП,Нет,Сайдзо,Rokyro Rau,Orochimaru,Rock Lee,Хедин,РИДИК,Tayuya,Kira,-Tobi-,Kirishima Touka,Конс,KillerNick,misha10x10x,DeYsTrave,Акабане Карма,Vizer fon Ghoul,Sakata Gintoki,Вулкан,Fludo,_Indra_,Социопат_мл,Леди ангел,Neji Hyuga,Йоши,Ога Тацуми,Silf,Trigun,Гаара,Большой Брат,Andara,Mikadzuki,Konan,Freir,Firebug,ArtiGarPotr,Нагато Пейн,герцогиня,Учиха Хидате,Торуне,-Uchiha-Artem-,СОНЯ,Izaya Orihara,CM Punk,Канеки Учиха,Deathstroke,Garadin,Минато Намикадзе,Pain,_ZeuS_,mazumuz,Djons,Младший Брат,треш,Гусь,Ledi,Курама Якумо,Сбежавший Учиха,Хичиго Широсаки,тихиЙ ужаС,Социопат,LoLka 80 lvl,Brave,Изуки Мидория,Тобирама Сенджу,Кимимаро,ШикамарУ,Г а а р а,Ogawa,zzStop,Последователь,~KiLLeR~,Пчёлка,Alukard,_Призрак_,Mirajane,Mrak,Плагиатор,Scifsyyh,-Sally-,Флэш,StanLee,Тендо Нагато,~TITAN~,TheJoker,Хрустальный Лис,Акасуна_но_Сасори,TipS,Корвин
20201210,135205,104798,100186,917296,909581,845470,815103,740341,670154,618593,594107,571972,554599,552784,526246,497780,482818,446549,429847,427940,425695,399700,395064,381148,379529,363950,360988,344139,340491,336095,334981,333531,327891,321966,320754,314649,299620,280884,274763,271589,271552,264591,253528,248518,243429,243202,241704,240797,240367,237813,226609,223481,223224,222665,214521,208275,204289,201254,199257,199257,198868,198148,194356,193833,193371,193273,182132,179050,177956,174668,173483,167807,165786,163046,153308,149844,149723,147914,146635,144106,142481,139172,138437,135853,135751,135730,132825,132021,131201,129559,126500,125801,124010,122856,122415,118598,117591,117204,114632,112718
date,Джирайя,Майто Гай,Uchiha Madara,Айзен,Shisui,AloneInTheDark,Rosich,sensey,Юморист,YuRaN III,Мастер ИП,Нет,Сайдзо,Rokyro Rau,Orochimaru,Rock Lee,Хедин,РИДИК,Tayuya,Kira,-Tobi-,Kirishima Touka,Конс,KillerNick,misha10x10x,DeYsTrave,Акабане Карма,Vizer fon Ghoul,Sakata Gintoki,Вулкан,Fludo,_Indra_,Социопат_мл,Леди ангел,Neji Hyuga,Йоши,Ога Тацуми,Silf,Trigun,Большой Брат,Гаара,Andara,Mikadzuki,Konan,Freir,Firebug,ArtiGarPotr,Нагато Пейн,герцогиня,Учиха Хидате,Торуне,-Uchiha-Artem-,СОНЯ,Izaya Orihara,CM Punk,Канеки Учиха,Deathstroke,Garadin,Минато Намикадзе,Pain,_ZeuS_,mazumuz,Djons,Младший Брат,треш,Гусь,Ledi,Курама Якумо,Сбежавший Учиха,Хичиго Широсаки,тихиЙ ужаС,Социопат,LoLka 80 lvl,Brave,Изуки Мидория,Тобирама Сенджу,Кимимаро,ШикамарУ,Г а а р а,Ogawa,zzStop,Последователь,~KiLLeR~,Пчёлка,Alukard,_Призрак_,Mirajane,Mrak,Плагиатор,Scifsyyh,-Sally-,Флэш,StanLee,Тендо Нагато,~TITAN~,TheJoker,Хрустальный Лис,Акасуна_но_Сасори,TipS,Корвин
20201211,135238,104798,100186,917928,909994,845624,815103,740716,670403,618593,594107,571972,554599,553132,526246,497780,483378,446549,429847,427940,425695,399700,395462,381148,379529,363950,360988,344373,340491,336095,334981,333531,327891,321966,320754,314649,299620,280884,274763,271950,271589,264591,253528,248518,243429,243202,241704,240797,240426,237813,226609,223481,223224,222665,214521,208275,204289,201254,199257,199257,198868,198148,194356,193837,193371,193273,182132,179050,177956,174668,173483,167807,165786,163046,153308,149844,149723,147914,146642,144106,142481,139172,138437,135853,135751,135730,132825,132021,131716,129559,126500,125801,124010,122862,122415,118598,117591,117204,114632,112718
date,Джирайя,Майто Гай,Uchiha Madara,Айзен,Shisui,AloneInTheDark,Rosich,sensey,Юморист,YuRaN III,Мастер ИП,Нет,Сайдзо,Rokyro Rau,Orochimaru,Rock Lee,Хедин,РИДИК,Tayuya,Kira,-Tobi-,Kirishima Touka,Конс,KillerNick,misha10x10x,DeYsTrave,Акабане Карма,Vizer fon Ghoul,Sakata Gintoki,Вулкан,Fludo,_Indra_,Социопат_мл,Леди ангел,Neji Hyuga,Йоши,Ога Тацуми,Silf,Trigun,Большой Брат,Гаара,Andara,Mikadzuki,Konan,Freir,Firebug,ArtiGarPotr,Нагато Пейн,герцогиня,Учиха Хидате,Торуне,-Uchiha-Artem-,СОНЯ,Izaya Orihara,CM Punk,Канеки Учиха,Deathstroke,Garadin,Минато Намикадзе,Pain,_ZeuS_,mazumuz,Djons,Младший Брат,треш,Гусь,Ledi,Курама Якумо,Сбежавший Учиха,Хичиго Широсаки,тихиЙ ужаС,Социопат,LoLka 80 lvl,Brave,Изуки Мидория,Тобирама Сенджу,Кимимаро,ШикамарУ,Г а а р а,Ogawa,zzStop,Последователь,~KiLLeR~,Пчёлка,Alukard,_Призрак_,Mirajane,Плагиатор,Mrak,Scifsyyh,-Sally-,Флэш,StanLee,Тендо Нагато,~TITAN~,TheJoker,Хрустальный Лис,Акасуна_но_Сасори,TipS,Корвин
20201212,135291,104798,100186,918324,910411,845669,815103,741020,670991,618593,594107,571972,554599,553525,526246,497780,483791,446549,429847,427940,425695,399700,395834,381148,379529,363950,360988,344374,340491,336095,334981,333531,327891,321966,320754,314649,299620,280884,274763,272426,271590,264591,253528,248518,243429,243202,241704,240797,240551,237813,226609,223481,223224,222665,214521,208275,204289,201254,199257,199257,198868,198148,194356,193837,193371,193273,182132,179050,177956,174668,173483,167807,165786,163046,153308,149844,149723,147914,146648,144106,142481,139172,138437,135853,135751,135730,132825,132072,132021,129559,126500,125801,124010,122867,122415,118598,117591,117204,114632,112718
date,Джирайя,Майто Гай,Uchiha Madara,Айзен,Shisui,AloneInTheDark,Rosich,sensey,Юморист,YuRaN III,Мастер ИП,Нет,Сайдзо,Rokyro Rau,Orochimaru,Rock Lee,Хедин,РИДИК,Tayuya,Kira,-Tobi-,Kirishima Touka,Конс,KillerNick,misha10x10x,DeYsTrave,Акабане Карма,Vizer fon Ghoul,Sakata Gintoki,Вулкан,Fludo,_Indra_,Социопат_мл,Леди ангел,Neji Hyuga,Йоши,Ога Тацуми,Silf,Trigun,Большой Брат,Гаара,Andara,Mikadzuki,Konan,Freir,Firebug,ArtiGarPotr,Нагато Пейн,герцогиня,Учиха Хидате,Торуне,-Uchiha-Artem-,СОНЯ,Izaya Orihara,CM Punk,Канеки Учиха,Deathstroke,Garadin,Минато Намикадзе,Pain,_ZeuS_,mazumuz,Djons,Младший Брат,треш,Гусь,Ledi,Курама Якумо,Сбежавший Учиха,Хичиго Широсаки,тихиЙ ужаС,Социопат,LoLka 80 lvl,Brave,Изуки Мидория,Тобирама Сенджу,Кимимаро,ШикамарУ,Г а а р а,Ogawa,zzStop,Последователь,~KiLLeR~,Пчёлка,Alukard,_Призрак_,Mirajane,Плагиатор,Mrak,Scifsyyh,-Sally-,Флэш,StanLee,Тендо Нагато,~TITAN~,TheJoker,Хрустальный Лис,Акасуна_но_Сасори,TipS,Корвин
20201213,135318,104798,100186,918876,910411,845918,815103,741434,670991,618593,594107,571972,554599,553898,526246,497780,484218,446549,429847,427940,425695,399700,396227,381148,379529,363950,360988,344374,340491,336095,334981,333531,327891,321966,320754,314649,299620,280884,274763,272796,271590,264591,253528,248518,243429,243202,241704,240797,240563,237813,226609,223481,223224,222665,214521,208275,204289,201254,199257,199257,198868,198148,194356,193837,193371,193273,182132,179050,177956,174668,173483,167807,165786,163046,153308,149844,149723,147914,146649,144106,142481,139172,138437,135853,135751,135730,132825,132566,132021,129559,126500,125801,124010,122869,122415,118598,117591,117204,114632,112718
date,Джирайя,Майто Гай,Uchiha Madara,Айзен,Shisui,AloneInTheDark,Rosich,sensey,Юморист,YuRaN III,Мастер ИП,Нет,Сайдзо,Rokyro Rau,Orochimaru,Rock Lee,Хедин,РИДИК,Tayuya,Kira,-Tobi-,Kirishima Touka,Конс,KillerNick,misha10x10x,DeYsTrave,Акабане Карма,Vizer fon Ghoul,Sakata Gintoki,Вулкан,Fludo,_Indra_,Социопат_мл,Леди ангел,Neji Hyuga,Йоши,Ога Тацуми,Silf,Trigun,Большой Брат,Гаара,Andara,Mikadzuki,Konan,Freir,Firebug,ArtiGarPotr,Нагато Пейн,герцогиня,Учиха Хидате,Торуне,-Uchiha-Artem-,СОНЯ,Izaya Orihara,CM Punk,Канеки Учиха,Deathstroke,Garadin,Минато Намикадзе,Pain,_ZeuS_,mazumuz,Djons,Младший Брат,треш,Гусь,Ledi,Курама Якумо,Сбежавший Учиха,Хичиго Широсаки,тихиЙ ужаС,Социопат,LoLka 80 lvl,Brave,Изуки Мидория,Тобирама Сенджу,Кимимаро,ШикамарУ,Г а а р а,Ogawa,zzStop,Последователь,~KiLLeR~,Пчёлка,Alukard,_Призрак_,Плагиатор,Mirajane,Mrak,Scifsyyh,-Sally-,Флэш,StanLee,Тендо Нагато,~TITAN~,TheJoker,Хрустальный Лис,Акасуна_но_Сасори,TipS,Корвин
20201214,135318,104798,100186,919284,911161,846065,815103,741789,671552,618593,594107,571972,554599,554266,526246,497780,484218,446549,429847,427940,425695,399700,396609,381148,379529,363950,360988,344432,340491,336095,334981,333531,327891,321966,320754,314649,299620,280884,274763,273021,271590,264591,253921,248518,243429,243202,241704,240797,240563,237813,226609,223481,223224,222665,214521,208275,204289,201254,199257,199257,198868,198148,194356,193845,193371,193273,182132,179050,177956,174668,173483,167807,165786,163046,153308,149844,149723,147914,146649,144106,142481,139172,138437,135853,135751,135730,132910,132825,132021,129559,126500,125801,124010,122869,122415,118598,117591,117204,114632,112718
date,Джирайя,Майто Гай,Uchiha Madara,Айзен,Shisui,AloneInTheDark,Rosich,sensey,Юморист,YuRaN III,Мастер ИП,Нет,Rokyro Rau,Сайдзо,Orochimaru,Rock Lee,Хедин,РИДИК,Tayuya,Kira,-Tobi-,Kirishima Touka,Конс,KillerNick,misha10x10x,DeYsTrave,Акабане Карма,Vizer fon Ghoul,Sakata Gintoki,Вулкан,Fludo,_Indra_,Социопат_мл,Леди ангел,Neji Hyuga,Йоши,Ога Тацуми,Silf,Trigun,Большой Брат,Гаара,Andara,Mikadzuki,Konan,Freir,Firebug,ArtiGarPotr,Нагато Пейн,герцогиня,Учиха Хидате,Торуне,-Uchiha-Artem-,СОНЯ,Izaya Orihara,CM Punk,Канеки Учиха,Deathstroke,Garadin,Минато Намикадзе,Pain,_ZeuS_,mazumuz,Djons,Младший Брат,треш,Гусь,Ledi,Курама Якумо,Сбежавший Учиха,Хичиго Широсаки,тихиЙ ужаС,Социопат,LoLka 80 lvl,Brave,Изуки Мидория,Тобирама Сенджу,Кимимаро,ШикамарУ,Г а а р а,Ogawa,zzStop,Последователь,~KiLLeR~,Пчёлка,Alukard,_Призрак_,Плагиатор,Mirajane,Mrak,Scifsyyh,-Sally-,Флэш,StanLee,Тендо Нагато,~TITAN~,TheJoker,Хрустальный Лис,Акасуна_но_Сасори,TipS,Корвин
20201215,135380,104798,100186,919574,911588,846241,815103,742158,671953,618593,594107,571972,554657,554599,526246,497780,484243,446549,429847,427940,425695,399700,396979,381148,379529,363950,360988,344555,340491,336095,334981,333531,327891,321966,320754,314649,299620,280884,274763,273520,271590,264591,253921,248518,243429,243202,241704,240797,240795,237813,226609,223481,223224,222665,214521,208275,204289,201254,199257,199257,198868,198148,194356,193845,193371,193273,182132,179050,177956,174668,173483,167807,165786,163046,153308,149844,149723,147914,146657,144106,142481,139172,138437,135853,135751,135730,133270,132825,132021,129559,126500,125801,124010,122873,122415,118598,117591,117204,114632,112718
date,Джирайя,Майто Гай,Uchiha Madara,Айзен,Shisui,AloneInTheDark,Rosich,sensey,Юморист,YuRaN III,Мастер ИП,Нет,Rokyro Rau,Сайдзо,Orochimaru,Rock Lee,Хедин,РИДИК,Tayuya,Kira,-Tobi-,Kirishima Touka,Конс,KillerNick,misha10x10x,DeYsTrave,Акабане Карма,Vizer fon Ghoul,Sakata Gintoki,Вулкан,Fludo,_Indra_,Социопат_мл,Леди ангел,Neji Hyuga,Йоши,Ога Тацуми,Silf,Trigun,Большой Брат,Гаара,Andara,Mikadzuki,Konan,Freir,Firebug,ArtiGarPotr,герцогиня,Нагато Пейн,Учиха Хидате,Торуне,-Uchiha-Artem-,СОНЯ,Izaya Orihara,CM Punk,Канеки Учиха,Deathstroke,Garadin,Минато Намикадзе,Pain,_ZeuS_,mazumuz,Djons,Младший Брат,треш,Гусь,Ledi,Курама Якумо,Сбежавший Учиха,Хичиго Широсаки,тихиЙ ужаС,Социопат,LoLka 80 lvl,Brave,Изуки Мидория,Тобирама Сенджу,Кимимаро,ШикамарУ,Г а а р а,Ogawa,zzStop,Последователь,~KiLLeR~,Пчёлка,Alukard,_Призрак_,Плагиатор,Mirajane,Mrak,Scifsyyh,-Sally-,Флэш,StanLee,Тендо Нагато,~TITAN~,TheJoker,Хрустальный Лис,Акасуна_но_Сасори,TipS,Корвин
20201216,135425,104798,100196,920383,911598,846324,815103,742497,672438,618593,594107,571972,555022,554599,526246,497780,484770,446549,429847,427940,425695,399700,397360,381148,379529,363950,360988,344743,340491,336095,334981,333531,327891,321966,320754,314649,299620,280884,274763,273919,271980,264591,254139,248518,243429,243202,241704,240875,240797,237813,226609,223481,223224,222665,214521,208275,204289,201254,199257,199257,198868,198148,194356,193893,193371,193273,182132,179218,177956,174668,173483,167807,165786,163046,153308,149844,149723,147914,146662,144106,142481,139172,138437,135853,135751,135730,133678,132825,132021,129559,126500,125801,124010,122878,122415,118598,117591,117204,114632,112718
date,Джирайя,Майто Гай,Uchiha Madara,Айзен,Shisui,AloneInTheDark,Rosich,sensey,Юморист,YuRaN III,Мастер ИП,Нет,Rokyro Rau,Сайдзо,Orochimaru,Rock Lee,Хедин,РИДИК,Tayuya,Kira,-Tobi-,Kirishima Touka,Конс,KillerNick,misha10x10x,DeYsTrave,Акабане Карма,Vizer fon Ghoul,Sakata Gintoki,Вулкан,Fludo,_Indra_,Социопат_мл,Леди ангел,Neji Hyuga,Йоши,Ога Тацуми,Silf,Trigun,Большой Брат,Гаара,Andara,Mikadzuki,Konan,Freir,Firebug,ArtiGarPotr,герцогиня,Нагато Пейн,Учиха Хидате,Торуне,-Uchiha-Artem-,СОНЯ,Izaya Orihara,CM Punk,Канеки Учиха,Deathstroke,Garadin,Минато Намикадзе,Pain,_ZeuS_,mazumuz,Djons,Младший Брат,треш,Гусь,Ledi,Курама Якумо,Сбежавший Учиха,Хичиго Широсаки,тихиЙ ужаС,Социопат,LoLka 80 lvl,Brave,Изуки Мидория,Тобирама Сенджу,Кимимаро,ШикамарУ,Г а а р а,Ogawa,zzStop,Последователь,~KiLLeR~,Пчёлка,Alukard,_Призрак_,Плагиатор,Mirajane,Mrak,Scifsyyh,-Sally-,Флэш,StanLee,Тендо Нагато,~TITAN~,TheJoker,Хрустальный Лис,Акасуна_но_Сасори,TipS,Корвин
20201217,135473,104798,100250,921000,912406,846520,815103,742857,672841,618593,594107,571972,555196,554599,526246,497780,485400,446549,429847,427940,425695,399700,397740,381148,379529,363950,360988,345041,340491,336095,334981,333531,327891,321966,320754,314649,299620,280884,274763,274280,271980,264591,254139,248518,243429,243202,241704,241142,240797,237813,226609,223481,223224,222665,214521,208275,204289,201254,199257,199257,198868,198148,194356,193987,193371,193273,182132,179219,177956,174668,173483,167807,165786,163046,153308,149844,149723,147914,146667,144106,142481,139172,138437,135853,135751,135730,134362,132825,132021,129559,126500,125801,124010,122884,122415,118598,117591,117204,114632,112718
date,Джирайя,Майто Гай,Uchiha Madara,Айзен,Shisui,AloneInTheDark,Rosich,sensey,Юморист,YuRaN III,Мастер ИП,Нет,Rokyro Rau,Сайдзо,Orochimaru,Rock Lee,Хедин,РИДИК,Tayuya,Kira,-Tobi-,Kirishima Touka,Конс,KillerNick,misha10x10x,DeYsTrave,Акабане Карма,Vizer fon Ghoul,Sakata Gintoki,Вулкан,Fludo,_Indra_,Социопат_мл,Леди ангел,Neji Hyuga,Йоши,Ога Тацуми,Silf,Trigun,Большой Брат,Гаара,Andara,Mikadzuki,Konan,Freir,Firebug,ArtiGarPotr,герцогиня,Нагато Пейн,Учиха Хидате,Торуне,-Uchiha-Artem-,СОНЯ,Izaya Orihara,CM Punk,Канеки Учиха,Deathstroke,Garadin,Минато Намикадзе,Pain,_ZeuS_,mazumuz,Djons,Младший Брат,треш,Гусь,Ledi,Курама Якумо,Сбежавший Учиха,Хичиго Широсаки,тихиЙ ужаС,Социопат,LoLka 80 lvl,Brave,Изуки Мидория,Тобирама Сенджу,Кимимаро,ШикамарУ,Г а а р а,Ogawa,zzStop,Последователь,~KiLLeR~,Пчёлка,Alukard,_Призрак_,Плагиатор,Mirajane,Mrak,Scifsyyh,-Sally-,Флэш,StanLee,Тендо Нагато,~TITAN~,TheJoker,Хрустальный Лис,Акасуна_но_Сасори,TipS,Корвин
20201218,135527,104798,100250,921411,912550,846626,815103,743225,673228,618593,594107,571972,555783,554599,526246,497780,485729,446549,429847,427940,425695,399700,398117,381148,379529,363950,360988,345041,340491,336095,334981,333531,327891,321966,320754,314649,299620,280884,274763,274588,271980,264591,254528,248518,243429,243202,241704,241373,240797,237813,226609,223481,223224,222665,214521,208275,204289,201254,199257,199257,198868,198148,194356,194244,193371,193273,182132,179289,177956,174668,173483,167807,165786,163046,153308,149844,149723,147914,146671,144106,142481,139172,138437,135853,135751,135730,134748,132825,132021,129559,126500,125801,124010,122886,122415,118598,117591,117204,114632,112718
date,Джирайя,Майто Гай,Uchiha Madara,Айзен,Shisui,AloneInTheDark,Rosich,sensey,Юморист,YuRaN III,Мастер ИП,Нет,Rokyro Rau,Сайдзо,Orochimaru,Rock Lee,Хедин,РИДИК,Tayuya,Kira,-Tobi-,Kirishima Touka,Конс,KillerNick,misha10x10x,DeYsTrave,Акабане Карма,Vizer fon Ghoul,Sakata Gintoki,Вулкан,Fludo,_Indra_,Социопат_мл,Леди ангел,Neji Hyuga,Йоши,Ога Тацуми,Silf,Большой Брат,Trigun,Гаара,Andara,Mikadzuki,Konan,Freir,Firebug,ArtiGarPotr,герцогиня,Нагато Пейн,Учиха Хидате,Торуне,-Uchiha-Artem-,СОНЯ,Izaya Orihara,CM Punk,Канеки Учиха,Deathstroke,Garadin,Минато Намикадзе,Pain,_ZeuS_,mazumuz,Djons,Младший Брат,треш,Гусь,Ledi,Курама Якумо,Сбежавший Учиха,Хичиго Широсаки,тихиЙ ужаС,Социопат,LoLka 80 lvl,Brave,Изуки Мидория,Тобирама Сенджу,Кимимаро,ШикамарУ,Г а а р а,Ogawa,zzStop,Последователь,~KiLLeR~,Пчёлка,Alukard,_Призрак_,Плагиатор,Mirajane,Mrak,Scifsyyh,-Sally-,Флэш,StanLee,Тендо Нагато,~TITAN~,TheJoker,Хрустальный Лис,Акасуна_но_Сасори,TipS,Корвин
20201219,135537,104798,100302,922039,913244,847130,815103,743279,673628,618593,594107,571972,556175,554599,526246,497780,486053,446549,429847,427940,425695,399700,398501,381148,379529,363950,360988,345121,340491,336095,334981,333531,327891,321966,320754,314649,299620,280884,274877,274763,271980,264591,254795,248518,243429,243202,241704,241543,240797,237813,226609,223481,223224,222665,214521,208275,204289,201254,199257,199257,198868,198148,194356,194244,193371,193273,182132,179289,177956,174668,173483,167807,165786,163046,153308,149844,149723,147916,146680,144106,142481,139172,138437,135853,135751,135730,135134,132825,132021,129559,126500,125801,124010,122892,122415,118598,117591,117204,114632,112718
date,Джирайя,Майто Гай,Uchiha Madara,Айзен,Shisui,AloneInTheDark,Rosich,sensey,Юморист,YuRaN III,Мастер ИП,Нет,Rokyro Rau,Сайдзо,Orochimaru,Rock Lee,Хедин,РИДИК,Tayuya,Kira,-Tobi-,Kirishima Touka,Конс,KillerNick,misha10x10x,DeYsTrave,Акабане Карма,Vizer fon Ghoul,Sakata Gintoki,Вулкан,Fludo,_Indra_,Социопат_мл,Леди ангел,Neji Hyuga,Йоши,Ога Тацуми,Silf,Большой Брат,Trigun,Гаара,Andara,Mikadzuki,Konan,Freir,Firebug,ArtiGarPotr,герцогиня,Нагато Пейн,Учиха Хидате,Торуне,-Uchiha-Artem-,СОНЯ,Izaya Orihara,CM Punk,Канеки Учиха,Deathstroke,Garadin,Минато Намикадзе,Pain,_ZeuS_,mazumuz,Djons,Младший Брат,треш,Гусь,Ledi,Курама Якумо,Сбежавший Учиха,Хичиго Широсаки,тихиЙ ужаС,Социопат,LoLka 80 lvl,Brave,Изуки Мидория,Тобирама Сенджу,Кимимаро,ШикамарУ,Г а а р а,Ogawa,zzStop,Последователь,~KiLLeR~,Пчёлка,Alukard,_Призрак_,Плагиатор,Mirajane,Mrak,Scifsyyh,-Sally-,Флэш,StanLee,Тендо Нагато,~TITAN~,TheJoker,Хрустальный Лис,Акасуна_но_Сасори,TipS,Корвин
20201220,135614,104798,100302,922497,913370,847173,815103,743800,674033,618593,594107,571972,556223,554599,526246,497780,486447,446549,429847,427940,425695,399700,398820,381148,379529,363950,360988,345121,340491,336095,334981,333531,327891,321966,320754,314649,299620,280884,275063,274763,271980,264591,255203,248518,243429,243202,241704,241543,240797,237813,226609,223481,223224,222665,214521,208275,204289,201254,199257,199257,198868,198148,194356,194244,193371,193273,182132,179289,177956,174668,173483,167807,165786,163046,153308,149844,149723,147916,146685,144106,142481,139172,138437,135853,135751,135730,135247,132825,132021,129559,126500,125801,124010,122895,122415,118598,117591,117204,114632,112718
date,Джирайя,Майто Гай,Uchiha Madara,Айзен,Shisui,AloneInTheDark,Rosich,sensey,Юморист,YuRaN III,Мастер ИП,Нет,Rokyro Rau,Сайдзо,Orochimaru,Rock Lee,Хедин,РИДИК,Tayuya,Kira,-Tobi-,Kirishima Touka,Конс,KillerNick,misha10x10x,DeYsTrave,Акабане Карма,Vizer fon Ghoul,Sakata Gintoki,Вулкан,Fludo,_Indra_,Социопат_мл,Леди ангел,Neji Hyuga,Йоши,Ога Тацуми,Silf,Большой Брат,Trigun,Гаара,Andara,Mikadzuki,Konan,Freir,Firebug,ArtiGarPotr,герцогиня,Нагато Пейн,Учиха Хидате,Торуне,-Uchiha-Artem-,СОНЯ,Izaya Orihara,CM Punk,Канеки Учиха,Deathstroke,Garadin,Минато Намикадзе,Pain,_ZeuS_,mazumuz,Djons,Младший Брат,треш,Гусь,Ledi,Курама Якумо,Сбежавший Учиха,Хичиго Широсаки,тихиЙ ужаС,Социопат,LoLka 80 lvl,Brave,Изуки Мидория,Тобирама Сенджу,Кимимаро,ШикамарУ,Г а а р а,Ogawa,zzStop,Последователь,~KiLLeR~,Пчёлка,Alukard,Плагиатор,_Призрак_,Mirajane,Mrak,Scifsyyh,-Sally-,Флэш,StanLee,Тендо Нагато,~TITAN~,TheJoker,Хрустальный Лис,Акасуна_но_Сасори,TipS,Корвин
20201221,135635,104798,100302,922709,914080,847173,815103,744274,674424,618593,594107,571972,556550,554599,526246,497780,486926,446549,429847,427940,425695,399700,399275,381148,379529,363950,360988,345162,340491,336095,334981,333531,327891,321966,320754,314649,299620,280884,275497,274763,271980,264591,255524,248518,243429,243202,241704,241543,240797,237813,226609,223481,223224,222665,214521,208275,204289,201254,199257,199257,198868,198148,194356,194244,193373,193273,182132,179289,177956,174668,173483,167807,165786,163046,153308,149844,149723,147916,146690,144106,142481,139172,138437,135853,135751,135740,135730,132825,132021,129559,126500,125801,124010,122898,122415,118598,117591,117204,114632,112718
date,Джирайя,Майто Гай,Uchiha Madara,Айзен,Shisui,AloneInTheDark,Rosich,sensey,Юморист,YuRaN III,Мастер ИП,Нет,Rokyro Rau,Сайдзо,Orochimaru,Rock Lee,Хедин,РИДИК,Tayuya,Kira,-Tobi-,Kirishima Touka,Конс,KillerNick,misha10x10x,DeYsTrave,Акабане Карма,Vizer fon Ghoul,Sakata Gintoki,Вулкан,Fludo,_Indra_,Социопат_мл,Леди ангел,Neji Hyuga,Йоши,Ога Тацуми,Silf,Большой Брат,Trigun,Гаара,Andara,Mikadzuki,Konan,Freir,Firebug,ArtiGarPotr,герцогиня,Нагато Пейн,Учиха Хидате,Торуне,-Uchiha-Artem-,СОНЯ,Izaya Orihara,CM Punk,Канеки Учиха,Deathstroke,Garadin,Минато Намикадзе,Pain,_ZeuS_,mazumuz,Djons,Младший Брат,треш,Гусь,Ledi,Курама Якумо,Сбежавший Учиха,Хичиго Широсаки,тихиЙ ужаС,Социопат,LoLka 80 lvl,Brave,Изуки Мидория,Тобирама Сенджу,Кимимаро,ШикамарУ,Г а а р а,Ogawa,zzStop,Последователь,~KiLLeR~,Пчёлка,Плагиатор,Alukard,_Призрак_,Mirajane,Mrak,Scifsyyh,-Sally-,Флэш,StanLee,Тендо Нагато,~TITAN~,TheJoker,Хрустальный Лис,Акасуна_но_Сасори,TipS,Корвин
20201222,135685,104798,100355,923125,914499,847173,815103,744667,674831,618593,594107,571972,557184,554599,526246,497780,487397,446549,429847,427940,425695,399700,399656,381148,379529,363950,360988,345464,340491,336095,334981,333531,327891,321966,320754,314649,299620,280884,276008,274763,271980,264591,255524,248518,243429,243202,241704,241546,240797,237813,226609,223481,223224,222665,214521,208275,204289,201254,199257,199257,198868,198148,194356,194265,193373,193273,182132,179289,177956,174668,173483,167807,165786,163046,153308,149844,149723,147916,146690,144106,142481,139172,138437,135853,135791,135751,135730,132825,132021,129559,126500,125801,124010,122898,122415,118598,117591,117204,114632,112718
date,Джирайя,Майто Гай,Uchiha Madara,Айзен,Shisui,AloneInTheDark,Rosich,sensey,Юморист,YuRaN III,Мастер ИП,Нет,Rokyro Rau,Сайдзо,Orochimaru,Rock Lee,Хедин,РИДИК,Tayuya,Kira,-Tobi-,Конс,Kirishima Touka,KillerNick,misha10x10x,DeYsTrave,Акабане Карма,Vizer fon Ghoul,Sakata Gintoki,Вулкан,Fludo,_Indra_,Социопат_мл,Леди ангел,Neji Hyuga,Йоши,Ога Тацуми,Silf,Большой Брат,Trigun,Гаара,Andara,Mikadzuki,Konan,Freir,Firebug,ArtiGarPotr,герцогиня,Нагато Пейн,Учиха Хидате,Торуне,-Uchiha-Artem-,СОНЯ,Izaya Orihara,CM Punk,Канеки Учиха,Deathstroke,Garadin,Минато Намикадзе,Pain,_ZeuS_,mazumuz,Djons,Младший Брат,треш,Гусь,Ledi,Курама Якумо,Сбежавший Учиха,Хичиго Широсаки,тихиЙ ужаС,Социопат,LoLka 80 lvl,Brave,Изуки Мидория,Тобирама Сенджу,Кимимаро,ШикамарУ,Г а а р а,Ogawa,zzStop,Последователь,~KiLLeR~,Плагиатор,Пчёлка,Alukard,_Призрак_,Mirajane,Mrak,Scifsyyh,-Sally-,Флэш,StanLee,Тендо Нагато,~TITAN~,TheJoker,Хрустальный Лис,Акасуна_но_Сасори,TipS,Корвин
20201223,135692,104798,100355,923507,914939,847173,815103,745031,675236,618593,594107,571972,557541,554599,526246,497780,488033,446549,429847,427940,425695,400038,399700,381148,379529,363950,360988,345839,340491,336095,334981,333531,327891,321966,320754,314649,299620,280884,276212,274763,272373,264591,255827,248518,243429,243202,241704,241548,240797,237813,226609,223481,223224,222665,214521,208275,204289,201254,199257,199257,198868,198148,194356,194265,193373,193273,182132,179289,177956,174668,173483,167807,165786,163046,153308,149844,149723,147916,146690,144106,142481,139172,138437,136237,135853,135751,135730,132825,132021,129559,126500,125801,124010,122898,122415,118598,117591,117204,114632,112718
date,Джирайя,Майто Гай,Uchiha Madara,Айзен,Shisui,AloneInTheDark,Rosich,sensey,Юморист,YuRaN III,Мастер ИП,Нет,Rokyro Rau,Сайдзо,Orochimaru,Rock Lee,Хедин,РИДИК,Tayuya,Kira,-Tobi-,Конс,Kirishima Touka,KillerNick,misha10x10x,DeYsTrave,Акабане Карма,Vizer fon Ghoul,Sakata Gintoki,Вулкан,Fludo,_Indra_,Социопат_мл,Леди ангел,Neji Hyuga,Йоши,Ога Тацуми,Silf,Большой Брат,Trigun,Гаара,Andara,Mikadzuki,Konan,Freir,Firebug,ArtiGarPotr,герцогиня,Нагато Пейн,Учиха Хидате,Торуне,-Uchiha-Artem-,СОНЯ,Izaya Orihara,CM Punk,Канеки Учиха,Deathstroke,Garadin,Минато Намикадзе,Pain,_ZeuS_,mazumuz,Djons,Младший Брат,треш,Гусь,Ledi,Курама Якумо,Сбежавший Учиха,Хичиго Широсаки,тихиЙ ужаС,Социопат,LoLka 80 lvl,Brave,Изуки Мидория,Тобирама Сенджу,Кимимаро,ШикамарУ,Г а а р а,Ogawa,zzStop,Последователь,~KiLLeR~,Плагиатор,Пчёлка,Alukard,_Призрак_,Mirajane,Mrak,Scifsyyh,-Sally-,Флэш,StanLee,Тендо Нагато,~TITAN~,TheJoker,Хрустальный Лис,Акасуна_но_Сасори,TipS,Корвин
20201224,135738,104798,100370,924155,915295,847173,815103,745298,675622,618593,594107,571972,557820,554599,526246,497780,488085,446549,429847,427940,425695,400406,399700,381148,379529,363950,360988,346213,340491,336095,334981,333531,327891,321966,320754,314649,299620,280884,276478,274763,272373,264591,255827,248518,243429,243202,241704,241548,240797,237813,226609,223481,223224,222665,214521,208275,204289,201254,199257,199257,198868,198148,194356,194265,193373,193273,182132,179289,177956,174668,173483,167807,165786,163046,153308,149844,149723,147916,146690,144106,142481,139172,138437,136693,135853,135751,135730,132825,132021,129559,126500,125801,124010,122898,122415,118598,117591,117204,114632,112718
date,Джирайя,Майто Гай,Uchiha Madara,Айзен,Shisui,AloneInTheDark,Rosich,sensey,Юморист,YuRaN III,Мастер ИП,Нет,Rokyro Rau,Сайдзо,Orochimaru,Rock Lee,Хедин,РИДИК,Tayuya,Kira,-Tobi-,Конс,Kirishima Touka,KillerNick,misha10x10x,DeYsTrave,Акабане Карма,Vizer fon Ghoul,Sakata Gintoki,Вулкан,Fludo,_Indra_,Социопат_мл,Леди ангел,Neji Hyuga,Йоши,Ога Тацуми,Silf,Большой Брат,Trigun,Гаара,Andara,Mikadzuki,Konan,Freir,Firebug,ArtiGarPotr,герцогиня,Нагато Пейн,Учиха Хидате,Торуне,-Uchiha-Artem-,СОНЯ,Izaya Orihara,CM Punk,Канеки Учиха,Deathstroke,Garadin,Минато Намикадзе,Pain,_ZeuS_,mazumuz,Djons,Младший Брат,треш,Гусь,Ledi,Курама Якумо,Сбежавший Учиха,Хичиго Широсаки,тихиЙ ужаС,Социопат,LoLka 80 lvl,Brave,Изуки Мидория,Тобирама Сенджу,Кимимаро,ШикамарУ,Г а а р а,Ogawa,zzStop,Последователь,~KiLLeR~,Плагиатор,Пчёлка,Alukard,_Призрак_,Mirajane,Mrak,Scifsyyh,-Sally-,Флэш,StanLee,Тендо Нагато,~TITAN~,TheJoker,Хрустальный Лис,Акасуна_но_Сасори,TipS,Корвин
20201225,135751,104798,100398,924410,915758,847173,815103,745298,676023,618593,594107,571972,558296,554599,526246,497780,488690,446549,429847,427940,425695,400785,399700,381148,379529,363950,360988,346550,340491,336095,334981,333531,327891,321966,320754,314649,299620,280884,276478,274763,272373,264591,255827,248518,243429,243202,241704,241548,240797,237813,226609,223481,223224,222665,214521,208275,204289,201254,199257,199257,198868,198148,194356,194265,193373,193273,182132,179289,177956,174668,173483,167807,165786,163046,153308,149844,149723,147916,146690,144106,142481,139172,138437,136743,135853,135751,135730,132825,132021,129559,126500,125801,124010,122898,122415,118598,117591,117204,114632,112718
date,Джирайя,Майто Гай,Uchiha Madara,Айзен,Shisui,AloneInTheDark,Rosich,sensey,Юморист,YuRaN III,Мастер ИП,Нет,Rokyro Rau,Сайдзо,Orochimaru,Rock Lee,Хедин,РИДИК,Tayuya,Kira,-Tobi-,Конс,Kirishima Touka,KillerNick,misha10x10x,DeYsTrave,Акабане Карма,Vizer fon Ghoul,Sakata Gintoki,Вулкан,Fludo,_Indra_,Социопат_мл,Леди ангел,Neji Hyuga,Йоши,Ога Тацуми,Silf,Большой Брат,Trigun,Гаара,Andara,Mikadzuki,Konan,Freir,Firebug,ArtiGarPotr,герцогиня,Нагато Пейн,Учиха Хидате,Торуне,-Uchiha-Artem-,СОНЯ,Izaya Orihara,CM Punk,Канеки Учиха,Deathstroke,Garadin,Минато Намикадзе,Pain,_ZeuS_,mazumuz,Djons,Младший Брат,треш,Гусь,Ledi,Курама Якумо,Сбежавший Учиха,Хичиго Широсаки,тихиЙ ужаС,Социопат,LoLka 80 lvl,Brave,Изуки Мидория,Тобирама Сенджу,Кимимаро,ШикамарУ,Г а а р а,Ogawa,zzStop,Последователь,~KiLLeR~,Плагиатор,Пчёлка,Alukard,_Призрак_,Mirajane,Mrak,Scifsyyh,-Sally-,Флэш,StanLee,Тендо Нагато,~TITAN~,TheJoker,Хрустальный Лис,Акасуна_но_Сасори,TipS,Корвин
20201226,135751,104798,100413,924980,916227,847173,815103,745752,676432,618593,594107,571972,558690,554599,526246,497780,488740,446550,429847,428089,425695,401167,399700,381148,379529,363950,360988,346747,340491,336095,334981,333531,327891,321966,320754,314649,299620,280884,276660,274763,272721,264591,255827,248518,243429,243202,241704,241549,240797,237813,226609,223481,223224,222665,214521,208275,204289,201254,199257,199257,198868,198148,194356,194308,193373,193273,182132,179289,177956,174668,173483,167807,165786,163046,153308,149844,149723,147916,146690,144106,142481,139172,138437,137235,135853,135751,135730,132825,132021,129559,126500,125801,124010,122898,122415,118598,117591,117204,114632,112718
date,Джирайя,Майто Гай,Uchiha Madara,Айзен,Shisui,AloneInTheDark,Rosich,sensey,Юморист,YuRaN III,Мастер ИП,Нет,Rokyro Rau,Сайдзо,Orochimaru,Rock Lee,Хедин,РИДИК,Tayuya,Kira,-Tobi-,Конс,Kirishima Touka,KillerNick,misha10x10x,DeYsTrave,Акабане Карма,Vizer fon Ghoul,Sakata Gintoki,Вулкан,Fludo,_Indra_,Социопат_мл,Леди ангел,Neji Hyuga,Йоши,Ога Тацуми,Silf,Большой Брат,Trigun,Гаара,Andara,Mikadzuki,Konan,Freir,Firebug,ArtiGarPotr,герцогиня,Нагато Пейн,Учиха Хидате,Торуне,-Uchiha-Artem-,СОНЯ,Izaya Orihara,CM Punk,Канеки Учиха,Deathstroke,Garadin,Минато Намикадзе,Pain,_ZeuS_,mazumuz,Djons,Младший Брат,треш,Гусь,Ledi,Курама Якумо,Сбежавший Учиха,Хичиго Широсаки,тихиЙ ужаС,Социопат,LoLka 80 lvl,Brave,Изуки Мидория,Тобирама Сенджу,Кимимаро,ШикамарУ,Г а а р а,Ogawa,zzStop,Последователь,~KiLLeR~,Плагиатор,Пчёлка,Alukard,_Призрак_,Mirajane,Mrak,Scifsyyh,-Sally-,Флэш,StanLee,Тендо Нагато,~TITAN~,TheJoker,Хрустальный Лис,Акасуна_но_Сасори,TipS,Корвин
20201227,135799,104798,100413,925405,916645,847173,815103,746133,676839,618593,594110,571972,559071,554599,526246,497780,489207,446550,429847,428089,425695,401547,399700,381148,379529,363950,360988,346790,340491,336095,334981,333531,327891,321966,320754,314649,299620,280884,277139,274763,272721,264591,255827,248518,243429,243202,241704,241550,240797,237813,226609,223481,223224,222665,214521,208275,204289,201254,199257,199257,198868,198148,194356,194308,193373,193273,182132,179289,177956,174668,173483,167807,165786,163046,153308,149844,149723,147916,146690,144106,142481,139172,138437,137750,135853,135751,135730,132825,132021,129559,126500,125801,124010,122898,122415,118598,117591,117204,114632,112718
date,Джирайя,Майто Гай,Uchiha Madara,Айзен,Shisui,AloneInTheDark,Rosich,sensey,Юморист,YuRaN III,Мастер ИП,Нет,Rokyro Rau,Сайдзо,Orochimaru,Rock Lee,Хедин,РИДИК,Tayuya,Kira,-Tobi-,Конс,Kirishima Touka,KillerNick,misha10x10x,DeYsTrave,Акабане Карма,Vizer fon Ghoul,Sakata Gintoki,Вулкан,Fludo,_Indra_,Социопат_мл,Леди ангел,Neji Hyuga,Йоши,Ога Тацуми,Silf,Большой Брат,Trigun,Гаара,Andara,Mikadzuki,Konan,Freir,Firebug,ArtiGarPotr,герцогиня,Нагато Пейн,Учиха Хидате,Торуне,-Uchiha-Artem-,СОНЯ,Izaya Orihara,CM Punk,Канеки Учиха,Deathstroke,Garadin,Минато Намикадзе,Pain,_ZeuS_,mazumuz,Djons,Младший Брат,треш,Гусь,Ledi,Курама Якумо,Сбежавший Учиха,Хичиго Широсаки,тихиЙ ужаС,Социопат,LoLka 80 lvl,Brave,Изуки Мидория,Тобирама Сенджу,Кимимаро,ШикамарУ,Г а а р а,Ogawa,zzStop,Последователь,~KiLLeR~,Плагиатор,Пчёлка,_Призрак_,Alukard,Mirajane,Mrak,Scifsyyh,-Sally-,Флэш,StanLee,Тендо Нагато,~TITAN~,TheJoker,Хрустальный Лис,Акасуна_но_Сасори,TipS,Корвин
20201228,135812,104798,100414,926606,917027,847173,815509,746488,677233,618593,594110,571972,559361,554599,526246,497780,489653,446550,429847,428091,425695,401885,399700,381148,379529,363950,360988,346790,340491,336095,334981,333531,327891,321966,320754,314649,299620,280884,277568,274763,273119,264601,255827,248518,243429,243202,241704,241550,240797,237813,226609,223481,223224,222665,214521,208275,204289,201254,199257,199257,198868,198148,194356,194308,193373,193273,182132,179308,177956,174668,173483,167807,165786,163046,153308,149844,149723,147916,146697,144106,142481,139172,138437,138036,135853,135829,135751,132825,132021,129559,126500,125801,124010,122900,122415,118598,117591,117204,114632,112718
date,Джирайя,Майто Гай,Uchiha Madara,Айзен,Shisui,AloneInTheDark,Rosich,sensey,Юморист,YuRaN III,Мастер ИП,Нет,Rokyro Rau,Сайдзо,Orochimaru,Rock Lee,Хедин,РИДИК,Tayuya,Kira,-Tobi-,Конс,Kirishima Touka,KillerNick,misha10x10x,DeYsTrave,Акабане Карма,Vizer fon Ghoul,Sakata Gintoki,Вулкан,Fludo,_Indra_,Социопат_мл,Леди ангел,Neji Hyuga,Йоши,Ога Тацуми,Silf,Большой Брат,Trigun,Гаара,Andara,Mikadzuki,Konan,Freir,Firebug,ArtiGarPotr,герцогиня,Нагато Пейн,Учиха Хидате,Торуне,-Uchiha-Artem-,СОНЯ,Izaya Orihara,CM Punk,Канеки Учиха,Deathstroke,Garadin,Минато Намикадзе,Pain,_ZeuS_,mazumuz,Djons,Младший Брат,треш,Гусь,Ledi,Курама Якумо,Сбежавший Учиха,Хичиго Широсаки,тихиЙ ужаС,Социопат,LoLka 80 lvl,Brave,Изуки Мидория,Тобирама Сенджу,Кимимаро,ШикамарУ,Г а а р а,Ogawa,zzStop,Последователь,~KiLLeR~,Плагиатор,Пчёлка,_Призрак_,Alukard,Mirajane,Mrak,Scifsyyh,-Sally-,Флэш,StanLee,Тендо Нагато,~TITAN~,TheJoker,Хрустальный Лис,Акасуна_но_Сасори,TipS,Корвин
20201229,135812,104798,100461,927377,917491,847173,815509,746849,677622,618593,594110,571972,559828,554599,526246,497780,490596,446550,429847,428091,425695,402293,399700,381148,379529,363950,360988,346790,340491,336095,334981,333531,327891,321966,320754,314649,299620,280884,278081,274763,273512,264601,255827,248518,243429,243202,241704,241550,240797,237813,226609,223481,223224,222665,214521,208275,204289,201254,199257,199257,198868,198148,194356,194308,193373,193273,182132,179308,177956,174668,173483,167807,165786,163046,153308,149844,149723,147916,146706,144106,142481,139172,138437,138334,135853,135829,135751,132825,132021,129559,126500,125801,124010,122902,122415,118598,117591,117204,114632,112718
date,Джирайя,Майто Гай,Uchiha Madara,Айзен,Shisui,AloneInTheDark,Rosich,sensey,Юморист,YuRaN III,Мастер ИП,Нет,Rokyro Rau,Сайдзо,Orochimaru,Rock Lee,Хедин,РИДИК,Tayuya,Kira,-Tobi-,Конс,Kirishima Touka,KillerNick,misha10x10x,DeYsTrave,Акабане Карма,Vizer fon Ghoul,Sakata Gintoki,Вулкан,Fludo,_Indra_,Социопат_мл,Леди ангел,Neji Hyuga,Йоши,Ога Тацуми,Silf,Большой Брат,Trigun,Гаара,Andara,Mikadzuki,Konan,Freir,Firebug,ArtiGarPotr,герцогиня,Нагато Пейн,Учиха Хидате,Торуне,-Uchiha-Artem-,СОНЯ,Izaya Orihara,CM Punk,Канеки Учиха,Deathstroke,Garadin,Минато Намикадзе,Pain,_ZeuS_,mazumuz,Djons,Младший Брат,треш,Гусь,Ledi,Курама Якумо,Сбежавший Учиха,Хичиго Широсаки,тихиЙ ужаС,Социопат,LoLka 80 lvl,Brave,Изуки Мидория,Тобирама Сенджу,Кимимаро,ШикамарУ,Г а а р а,Ogawa,zzStop,Последователь,Плагиатор,~KiLLeR~,Пчёлка,_Призрак_,Alukard,Mirajane,Mrak,Scifsyyh,-Sally-,Флэш,StanLee,Тендо Нагато,~TITAN~,TheJoker,Хрустальный Лис,Акасуна_но_Сасори,TipS,Корвин
20201230,135860,104798,100505,927960,917904,847173,815509,747201,678032,618593,594110,571972,559937,554599,526246,497780,490902,446550,429847,428091,425695,402667,399700,381148,379529,363950,360988,346902,340491,336095,334981,333531,327891,321966,320754,314649,299620,280884,278383,274763,273929,264601,256012,248518,243429,243202,241704,241552,240797,237813,226648,223481,223224,222665,214521,208275,204289,201254,199257,199257,198868,198148,194356,194308,193373,193273,182132,179314,177956,174668,173483,167807,165786,163046,153308,149844,149723,147916,146708,144106,142481,139172,138709,138437,135853,135829,135751,132825,132021,129559,126500,125801,124010,122905,122415,118598,117591,117204,114632,112718
date,Джирайя,Майто Гай,Uchiha Madara,Айзен,Shisui,AloneInTheDark,Rosich,sensey,Юморист,YuRaN III,Мастер ИП,Нет,Rokyro Rau,Сайдзо,Orochimaru,Rock Lee,Хедин,РИДИК,Tayuya,Kira,-Tobi-,Конс,Kirishima Touka,KillerNick,misha10x10x,DeYsTrave,Акабане Карма,Vizer fon Ghoul,Sakata Gintoki,Вулкан,Fludo,_Indra_,Социопат_мл,Леди ангел,Neji Hyuga,Йоши,Ога Тацуми,Silf,Большой Брат,Trigun,Гаара,Andara,Mikadzuki,Konan,Freir,Firebug,ArtiGarPotr,герцогиня,Нагато Пейн,Учиха Хидате,Торуне,-Uchiha-Artem-,СОНЯ,Izaya Orihara,CM Punk,Канеки Учиха,Deathstroke,Garadin,Минато Намикадзе,Pain,_ZeuS_,mazumuz,Djons,Младший Брат,треш,Гусь,Ledi,Курама Якумо,Сбежавший Учиха,Хичиго Широсаки,тихиЙ ужаС,Социопат,LoLka 80 lvl,Brave,Изуки Мидория,Тобирама Сенджу,Кимимаро,ШикамарУ,Г а а р а,Ogawa,zzStop,Плагиатор,Последователь,~KiLLeR~,Пчёлка,_Призрак_,Alukard,Mirajane,Mrak,Scifsyyh,-Sally-,Флэш,StanLee,Тендо Нагато,~TITAN~,TheJoker,Хрустальный Лис,Акасуна_но_Сасори,TipS,Корвин
20201231,135903,104798,100520,928394,918329,847173,815509,747560,678420,618593,594111,571972,560584,554599,526246,497780,490902,446550,429847,428091,425695,403051,399700,381148,379529,363950,360988,346978,340491,336095,334981,333531,327891,321966,320754,314649,299620,280884,278697,274763,273931,264601,256012,248518,243429,243202,241704,241552,240797,237813,226833,223481,223224,222665,214521,208275,204289,201254,199257,199257,198868,198148,194356,194308,193373,193273,182132,179314,177956,174668,173483,167807,165786,163046,153308,149844,149723,147916,146720,144106,142481,139259,139172,138437,135853,135829,135751,132825,132021,129559,126500,125801,124010,122916,122415,118598,117591,117204,114632,112718
